{
 "cells": [
  {
   "cell_type": "code",
   "execution_count": 1,
   "metadata": {},
   "outputs": [],
   "source": [
    "from jax.config import config\n",
    "config.update(\"jax_enable_x64\", True)\n",
    "\n",
    "import jax.numpy as jnp\n",
    "import numpy as onp\n",
    "import matplotlib.pyplot as plt\n",
    "%matplotlib inline\n",
    "\n",
    "%load_ext autoreload\n",
    "%autoreload 2"
   ]
  },
  {
   "cell_type": "code",
   "execution_count": 2,
   "metadata": {},
   "outputs": [
    {
     "name": "stderr",
     "output_type": "stream",
     "text": [
      "/anaconda2/envs/jax/lib/python3.7/site-packages/jax/lib/xla_bridge.py:119: UserWarning: No GPU/TPU found, falling back to CPU.\n",
      "  warnings.warn('No GPU/TPU found, falling back to CPU.')\n"
     ]
    }
   ],
   "source": [
    "from gen_elo.margin_functions import margin_functions"
   ]
  },
  {
   "cell_type": "code",
   "execution_count": 3,
   "metadata": {},
   "outputs": [],
   "source": [
    "from tdata.datasets.oncourt_dataset import OnCourtDataset"
   ]
  },
  {
   "cell_type": "code",
   "execution_count": 4,
   "metadata": {},
   "outputs": [
    {
     "name": "stderr",
     "output_type": "stream",
     "text": [
      "/anaconda2/envs/jax/lib/python3.7/site-packages/pandas/core/indexing.py:376: SettingWithCopyWarning: \n",
      "A value is trying to be set on a copy of a slice from a DataFrame.\n",
      "Try using .loc[row_indexer,col_indexer] = value instead\n",
      "\n",
      "See the caveats in the documentation: http://pandas.pydata.org/pandas-docs/stable/user_guide/indexing.html#returning-a-view-versus-a-copy\n",
      "  self.obj[key] = _infer_fill_value(value)\n",
      "/anaconda2/envs/jax/lib/python3.7/site-packages/pandas/core/indexing.py:494: SettingWithCopyWarning: \n",
      "A value is trying to be set on a copy of a slice from a DataFrame.\n",
      "Try using .loc[row_indexer,col_indexer] = value instead\n",
      "\n",
      "See the caveats in the documentation: http://pandas.pydata.org/pandas-docs/stable/user_guide/indexing.html#returning-a-view-versus-a-copy\n",
      "  self.obj[item] = s\n"
     ]
    },
    {
     "name": "stdout",
     "output_type": "stream",
     "text": [
      "Warning: dropping duplicates reduced size from 48333 to 48060.\n"
     ]
    }
   ],
   "source": [
    "dataset = OnCourtDataset()"
   ]
  },
  {
   "cell_type": "code",
   "execution_count": 5,
   "metadata": {},
   "outputs": [],
   "source": [
    "df = dataset.get_stats_df()"
   ]
  },
  {
   "cell_type": "code",
   "execution_count": 6,
   "metadata": {},
   "outputs": [],
   "source": [
    "to_use = df[df['year'] >= 2010]\n",
    "to_use = to_use.dropna(subset=['W1S_1'])\n",
    "\n",
    "spw_1 = (to_use['W1S_1'] + to_use['W2S_1']) / (to_use['W1SOF_1'] + to_use['W2SOF_1'])\n",
    "spw_2 = (to_use['W1S_2'] + to_use['W2S_2']) / (to_use['W1SOF_2'] + to_use['W2SOF_2'])\n",
    "\n",
    "margins = (spw_1 - spw_2).values"
   ]
  },
  {
   "cell_type": "code",
   "execution_count": 7,
   "metadata": {},
   "outputs": [],
   "source": [
    "winners = to_use['winner'].values\n",
    "losers = to_use['loser'].values\n",
    "surface = to_use['surface'].values"
   ]
  },
  {
   "cell_type": "code",
   "execution_count": 8,
   "metadata": {},
   "outputs": [],
   "source": [
    "from sklearn.preprocessing import LabelEncoder"
   ]
  },
  {
   "cell_type": "code",
   "execution_count": 9,
   "metadata": {},
   "outputs": [],
   "source": [
    "surf_encoder = LabelEncoder()"
   ]
  },
  {
   "cell_type": "code",
   "execution_count": 10,
   "metadata": {},
   "outputs": [],
   "source": [
    "surface_enc = surf_encoder.fit_transform(surface)"
   ]
  },
  {
   "cell_type": "code",
   "execution_count": 55,
   "metadata": {},
   "outputs": [
    {
     "data": {
      "text/plain": [
       "array(['clay', 'grass', 'hard', 'indoor_hard'], dtype=object)"
      ]
     },
     "execution_count": 55,
     "metadata": {},
     "output_type": "execute_result"
    }
   ],
   "source": [
    "surf_encoder.classes_"
   ]
  },
  {
   "cell_type": "code",
   "execution_count": 11,
   "metadata": {},
   "outputs": [],
   "source": [
    "n_matches = winners.shape[0]\n",
    "\n",
    "a_winner = onp.zeros((n_matches, len(surf_encoder.classes_)))\n",
    "a_winner[onp.arange(n_matches), surface_enc] = 1\n",
    "a_loser = a_winner.copy()\n",
    "\n",
    "a_full = onp.concatenate([a_winner, -a_loser], axis=1)"
   ]
  },
  {
   "cell_type": "code",
   "execution_count": 12,
   "metadata": {},
   "outputs": [
    {
     "data": {
      "text/plain": [
       "(26564, 8)"
      ]
     },
     "execution_count": 12,
     "metadata": {},
     "output_type": "execute_result"
    }
   ],
   "source": [
    "a_full.shape"
   ]
  },
  {
   "cell_type": "code",
   "execution_count": 13,
   "metadata": {},
   "outputs": [],
   "source": [
    "import numpy as onp\n",
    "\n",
    "encoder = LabelEncoder()\n",
    "encoder.fit(onp.concatenate([winners, losers]))\n",
    "\n",
    "winners_array, losers_array = map(encoder.transform, [winners, losers])"
   ]
  },
  {
   "cell_type": "code",
   "execution_count": 14,
   "metadata": {},
   "outputs": [],
   "source": [
    "from gen_elo.general import optimise_elo, EloParams"
   ]
  },
  {
   "cell_type": "code",
   "execution_count": 15,
   "metadata": {},
   "outputs": [],
   "source": [
    "theta = {'factor': 0.1, 'obs_sd': 0.1, 'offset': 0.1}\n",
    "theta = {x: jnp.array(y) for x, y in theta.items()}\n",
    "\n",
    "start_params = EloParams(\n",
    "    theta=theta,\n",
    "    cov_mat=jnp.eye(len(surf_encoder.classes_))\n",
    ")"
   ]
  },
  {
   "cell_type": "code",
   "execution_count": 16,
   "metadata": {},
   "outputs": [],
   "source": [
    "y_full = margins.reshape(-1, 1)"
   ]
  },
  {
   "cell_type": "code",
   "execution_count": 17,
   "metadata": {},
   "outputs": [
    {
     "name": "stdout",
     "output_type": "stream",
     "text": [
      "{'factor': 0.010000000000000002, 'obs_sd': 0.010000000000000002, 'offset': array(0.1)}\n",
      "[[1.000001 0.       0.       0.      ]\n",
      " [0.       1.000001 0.       0.      ]\n",
      " [0.       0.       1.000001 0.      ]\n",
      " [0.       0.       0.       1.000001]]\n",
      "{'factor': Traced<ShapedArray(float64[])>with<JVPTrace(level=1/1)>, 'obs_sd': Traced<ShapedArray(float64[])>with<JVPTrace(level=1/1)>, 'offset': Traced<ShapedArray(float64[])>with<JVPTrace(level=1/1)>}\n",
      "Traced<ShapedArray(float64[4,4])>with<JVPTrace(level=1/1)>\n",
      "{'factor': 0.6874998688878271, 'obs_sd': 0.6374541733134403, 'offset': array(0.08413736)}\n",
      "[[1.02277311e+00 2.58949466e-05 2.38143129e-04 1.60550604e-04]\n",
      " [2.58949466e-05 1.00770339e+00 1.91278864e-04 5.09453699e-05]\n",
      " [2.38143129e-04 1.91278864e-04 1.03012864e+00 2.52329620e-04]\n",
      " [1.60550604e-04 5.09453699e-05 2.52329620e-04 1.01273894e+00]]\n",
      "{'factor': 532.1235249553932, 'obs_sd': 694.701959275095, 'offset': array(-0.79762476)}\n",
      "[[ 9.11404831e+01 -2.89909282e-02 -2.02455555e-01 -1.49551751e-01]\n",
      " [-2.89909282e-02  9.84072385e+00 -5.29070616e-02 -1.66761624e-02]\n",
      " [-2.02455555e-01 -5.29070616e-02  1.71958030e+02 -3.21402909e-01]\n",
      " [-1.49551751e-01 -1.66761624e-02 -3.21402909e-01  2.17052208e+01]]\n",
      "{'factor': 19.038186180487596, 'obs_sd': 40.347022320249245, 'offset': array(-0.10745567)}\n",
      "[[ 1.64552927e+00 -8.72131738e-04 -6.14735021e-03 -4.52572904e-03]\n",
      " [-8.72131738e-04  1.08394233e-02  4.00755586e-04  1.27126675e-04]\n",
      " [-6.14735021e-03  4.00755586e-04  4.22258563e+00 -1.13361552e-02]\n",
      " [-4.52572904e-03  1.27126675e-04 -1.13361552e-02  5.04893283e-02]]\n",
      "{'factor': 0.0023239133269296287, 'obs_sd': 3.0164173645978614, 'offset': array(0.05176397)}\n",
      "[[3.88988138e-01 8.49194327e-05 6.27071936e-04 4.54084617e-04]\n",
      " [8.49194327e-05 7.25590552e-01 6.84576812e-04 2.08464088e-04]\n",
      " [6.27071936e-04 6.84576812e-04 2.46259997e-01 5.66886454e-04]\n",
      " [4.54084617e-04 2.08464088e-04 5.66886454e-04 6.37375806e-01]]\n",
      "{'factor': 0.481564211128242, 'obs_sd': 0.8892823572322135, 'offset': array(0.07914839)}\n",
      "[[9.05514799e-01 4.05773477e-05 3.36986179e-04 2.34554174e-04]\n",
      " [4.05773477e-05 9.61214896e-01 2.79436314e-04 7.90539824e-05]\n",
      " [3.36986179e-04 2.79436314e-04 8.74254846e-01 3.61042071e-04]\n",
      " [2.34554174e-04 7.90539824e-05 3.61042071e-04 9.49253285e-01]]\n",
      "{'factor': 0.6041431505725179, 'obs_sd': 0.7604248952914635, 'offset': array(0.04639666)}\n",
      "[[4.04271076e-01 1.33432095e-04 8.91488687e-04 6.38430330e-04]\n",
      " [1.33432095e-04 7.31519538e-01 9.56565789e-04 3.05705777e-04]\n",
      " [8.91488687e-04 9.56565789e-04 2.63531891e-01 8.01662302e-04]\n",
      " [6.38430330e-04 3.05705777e-04 8.01662302e-04 6.47530263e-01]]\n",
      "{'factor': 1.2332973023417764, 'obs_sd': 0.34579868347613196, 'offset': array(-0.08461026)}\n",
      "[[ 3.93415638e-01 -5.51157622e-04 -3.50870630e-03 -2.53058605e-03]\n",
      " [-5.51157622e-04  1.25872086e-01  1.58381383e-03  5.22743362e-04]\n",
      " [-3.50870630e-03  1.58381383e-03  1.37671767e+00 -7.30000406e-03]\n",
      " [-2.53058605e-03  5.22743362e-04 -7.30000406e-03  1.60016331e-02]]\n",
      "{'factor': 0.8047174501564595, 'obs_sd': 0.5928209952046957, 'offset': array(-0.00069342)}\n",
      "[[ 3.30603834e-02  8.18706916e-05  5.28897004e-04  3.80625315e-04]\n",
      " [ 8.18706916e-05  4.56143176e-01  1.56538990e-03  5.10735283e-04]\n",
      " [ 5.28897004e-04  1.56538990e-03  8.64842309e-03 -2.93523893e-04]\n",
      " [ 3.80625315e-04  5.10735283e-04 -2.93523893e-04  3.14549373e-01]]\n",
      "{'factor': 0.8831411247092416, 'obs_sd': 0.5381227783465873, 'offset': array(-0.01747667)}\n",
      "[[ 4.01542331e-04  1.07265861e-05  6.89644473e-05  4.96660576e-05]\n",
      " [ 1.07265861e-05  3.73643926e-01  1.67838108e-03  5.49352457e-04]\n",
      " [ 6.89644473e-05  1.67838108e-03  9.54982630e-02 -1.17675350e-03]\n",
      " [ 4.96660576e-05  5.49352457e-04 -1.17675350e-03  2.24622690e-01]]\n",
      "{'factor': 2.531654652726403, 'obs_sd': 0.04491862146097193, 'offset': array(1.28943956)}\n",
      "[[ 1.05248204e+01 -1.02441555e-02  2.25089267e-02 -2.61691761e-02]\n",
      " [-1.02441555e-02  2.16294906e+00  7.39404040e-03 -6.51579114e-03]\n",
      " [ 2.25089267e-02  7.39404040e-03  3.82736460e+00 -1.97558372e-03]\n",
      " [-2.61691761e-02 -6.51579114e-03 -1.97558372e-03  5.88582510e+00]]\n",
      "{'factor': 0.9667180366117851, 'obs_sd': 0.4882693014369911, 'offset': array(0.06972776)}\n",
      "[[ 3.91226951e-02 -1.40610602e-04 -5.44522451e-04 -5.64552125e-04]\n",
      " [-1.40610602e-04  2.23110284e-01  1.05210310e-03  5.37429010e-04]\n",
      " [-5.44522451e-04  1.05210310e-03  1.75503292e-01 -1.51957392e-03]\n",
      " [-5.64552125e-04  5.37429010e-04 -1.51957392e-03  7.86580478e-02]]\n",
      "{'factor': 0.996817102355217, 'obs_sd': 0.4694450185080393, 'offset': array(0.03267889)}\n",
      "[[ 4.36589747e-02 -1.26906043e-04 -4.58797911e-04 -4.61008962e-04]\n",
      " [-1.26906043e-04  1.34240085e-01  7.28772200e-04  3.72684935e-04]\n",
      " [-4.58797911e-04  7.28772200e-04  2.14912685e-01 -1.52644721e-03]\n",
      " [-4.61008962e-04  3.72684935e-04 -1.52644721e-03  1.86462348e-02]]\n",
      "{'factor': 1.0521791325155507, 'obs_sd': 0.4395758447932585, 'offset': array(0.08065347)}\n",
      "[[ 1.87354693e-02  6.95901836e-05 -3.76463560e-04  6.57554356e-04]\n",
      " [ 6.95901836e-05  1.23248570e-02  3.48756597e-04  3.24063897e-04]\n",
      " [-3.76463560e-04  3.48756597e-04  3.72169903e-01  1.41983874e-03]\n",
      " [ 6.57554356e-04  3.24063897e-04  1.41983874e-03  4.08453018e-03]]\n",
      "{'factor': 1.0993504782853167, 'obs_sd': 0.4119999208160039, 'offset': array(0.00406034)}\n",
      "[[ 3.15368139e-02  3.01292849e-04 -2.85155493e-04 -2.68483114e-03]\n",
      " [ 3.01292849e-04  1.51194368e-01 -9.45166024e-05  6.71065470e-04]\n",
      " [-2.85155493e-04 -9.45166024e-05  4.35738948e-01 -8.15063693e-03]\n",
      " [-2.68483114e-03  6.71065470e-04 -8.15063693e-03  1.85650498e-03]]\n",
      "{'factor': 1.0566798874802596, 'obs_sd': 0.4368795280742887, 'offset': array(0.07327238)}\n",
      "[[ 1.98247895e-02  8.77066306e-05 -3.71722330e-04  4.06083086e-04]\n",
      " [ 8.77066306e-05  3.95062250e-03  1.78903272e-04  1.55467500e-04]\n",
      " [-3.71722330e-04  1.78903272e-04  3.78076817e-01  5.62508451e-04]\n",
      " [ 4.06083086e-04  1.55467500e-04  5.62508451e-04  3.75888204e-03]]\n",
      "{'factor': 1.057948607490991, 'obs_sd': 0.43562097720596493, 'offset': array(0.05624652)}\n",
      "[[0.02427363 0.063471   0.00828939 0.03248743]\n",
      " [0.063471   0.16727597 0.01922482 0.09383267]\n",
      " [0.00828939 0.01922482 0.36997209 0.03369149]\n",
      " [0.03248743 0.09383267 0.03369149 0.11069852]]\n",
      "{'factor': 1.0566937053506142, 'obs_sd': 0.4368658071084153, 'offset': array(0.07308689)}\n",
      "[[ 1.98708326e-02  7.12482797e-04 -2.86391196e-04  7.22352405e-04]\n",
      " [ 7.12482797e-04  3.93925106e-03  1.21212843e-04  3.44826652e-04]\n",
      " [-2.86391196e-04  1.21212843e-04  3.77899185e-01  9.94260174e-04]\n",
      " [ 7.22352405e-04  3.44826652e-04  9.94260174e-04  3.78298370e-03]]\n",
      "{'factor': 1.056691145554131, 'obs_sd': 0.43686512788918946, 'offset': array(0.07311687)}\n",
      "[[ 1.98635647e-02  8.48991102e-04 -2.31781340e-04  6.44559083e-04]\n",
      " [ 8.48991102e-04  3.95387399e-03  9.10183842e-05  2.99542505e-04]\n",
      " [-2.31781340e-04  9.10183842e-05  3.77812746e-01  8.83317325e-04]\n",
      " [ 6.44559083e-04  2.99542505e-04  8.83317325e-04  3.77049603e-03]]\n",
      "{'factor': 1.0566809063992035, 'obs_sd': 0.436862411017566, 'offset': array(0.07323678)}\n",
      "[[ 1.98345063e-02  1.39452439e-03 -1.35415264e-05  3.33669941e-04]\n",
      " [ 1.39452439e-03  4.03118428e-03 -2.25568117e-05  1.07254090e-04]\n",
      " [-1.35415264e-05 -2.25568117e-05  3.77474868e-01  4.42885515e-04]\n",
      " [ 3.33669941e-04  1.07254090e-04  4.42885515e-04  3.73858345e-03]]\n",
      "{'factor': 1.0566368324767146, 'obs_sd': 0.43685822248340345, 'offset': array(0.07316558)}\n",
      "[[ 1.98558626e-02  1.32007781e-03  1.59770731e-04  3.65298509e-04]\n",
      " [ 1.32007781e-03  4.02885163e-03 -1.08625214e-04  1.14315597e-04]\n",
      " [ 1.59770731e-04 -1.08625214e-04  3.76444642e-01  4.90542754e-04]\n",
      " [ 3.65298509e-04  1.14315597e-04  4.90542754e-04  3.71468838e-03]]\n",
      "{'factor': 1.0564605459785168, 'obs_sd': 0.43684146854754785, 'offset': array(0.07288079)}\n",
      "[[ 1.99414030e-02  1.02148246e-03  8.54884527e-04  4.92151142e-04]\n",
      " [ 1.02148246e-03  4.02529728e-03 -4.67998281e-04  1.40303643e-04]\n",
      " [ 8.54884527e-04 -4.67998281e-04  3.72416579e-01  6.82313306e-04]\n",
      " [ 4.92151142e-04  1.40303643e-04  6.82313306e-04  3.62128284e-03]]\n",
      "{'factor': 1.055755547053864, 'obs_sd': 0.4367744560168353, 'offset': array(0.07174159)}\n",
      "[[ 2.02854030e-02 -1.85843875e-04  3.66517599e-03  1.00497549e-03]\n",
      " [-1.85843875e-04  4.10350005e-03 -2.14708190e-03  2.08128123e-04]\n",
      " [ 3.66517599e-03 -2.14708190e-03  3.57789803e-01  1.46766111e-03]\n",
      " [ 1.00497549e-03  2.08128123e-04  1.46766111e-03  3.28245630e-03]]\n"
     ]
    },
    {
     "name": "stdout",
     "output_type": "stream",
     "text": [
      "{'factor': 1.0539515270273019, 'obs_sd': 0.43662658225535267, 'offset': array(0.06899791)}\n",
      "[[ 2.11660501e-02 -2.66740370e-04  4.13966685e-03  5.78595710e-04]\n",
      " [-2.66740370e-04  4.45370054e-03 -2.48871117e-03  4.41373651e-04]\n",
      " [ 4.13966685e-03 -2.48871117e-03  3.19682213e-01  5.19445510e-04]\n",
      " [ 5.78595710e-04  4.41373651e-04  5.19445510e-04  2.48495499e-03]]\n",
      "{'factor': 1.0467508731804205, 'obs_sd': 0.43603533757149554, 'offset': array(0.05802319)}\n",
      "[[ 0.02487576 -0.00062267  0.00620406 -0.00131529]\n",
      " [-0.00062267  0.00600223 -0.00407187  0.00158459]\n",
      " [ 0.00620406 -0.00407187  0.18967199 -0.00288863]\n",
      " [-0.00131529  0.00158459 -0.00288863  0.0008564 ]]\n",
      "{'factor': 1.0181950779427544, 'obs_sd': 0.4336743646292425, 'offset': array(0.01412433)}\n",
      "[[ 0.04270864 -0.00256379  0.01712442 -0.0119048 ]\n",
      " [-0.00256379  0.01456002 -0.01387085  0.00952113]\n",
      " [ 0.01712442 -0.01387085  0.02835315 -0.01036437]\n",
      " [-0.0119048   0.00952113 -0.01036437  0.01932541]]\n",
      "{'factor': 1.0311397280692378, 'obs_sd': 0.4347478728259025, 'offset': array(0.03409943)}\n",
      "[[ 0.03400027 -0.00157788  0.01162712 -0.00648839]\n",
      " [-0.00157788  0.0101971  -0.00872441  0.00524251]\n",
      " [ 0.01162712 -0.00872441  0.03059339 -0.00818407]\n",
      " [-0.00648839  0.00524251 -0.00818407  0.00596532]]\n",
      "{'factor': 0.981820288320223, 'obs_sd': 0.430013786331949, 'offset': array(-0.0822862)}\n",
      "[[ 0.09749994 -0.00237423  0.03645505  0.26145841]\n",
      " [-0.00237423  0.0198912   0.00158226 -0.11235647]\n",
      " [ 0.03645505  0.00158226  0.67242378 -0.19902567]\n",
      " [ 0.26145841 -0.11235647 -0.19902567  1.47395686]]\n",
      "{'factor': 1.0252972452232572, 'obs_sd': 0.4341917235186589, 'offset': array(0.02045968)}\n",
      "[[ 0.03975071 -0.00168383  0.01382656  0.01337138]\n",
      " [-0.00168383  0.01116578 -0.00793326 -0.00528981]\n",
      " [ 0.01382656 -0.00793326  0.01056159  0.00863196]\n",
      " [ 0.01337138 -0.00528981  0.00863196  0.01290609]]\n",
      "{'factor': 1.025389577937511, 'obs_sd': 0.43106805555738364, 'offset': array(0.03061574)}\n",
      "[[ 3.58662704e-02 -2.14801844e-03 -2.36701046e-01  1.13003543e-01]\n",
      " [-2.14801844e-03  1.36058180e-02 -1.12115195e-01 -3.19223584e-02]\n",
      " [-2.36701046e-01 -1.12115195e-01  2.74696078e+00 -4.76220737e-01]\n",
      " [ 1.13003543e-01 -3.19223584e-02 -4.76220737e-01  1.31756598e+00]]\n",
      "{'factor': 1.025298139273341, 'obs_sd': 0.43416142255561396, 'offset': array(0.02055803)}\n",
      "[[ 0.03971214 -0.0016886   0.01127426  0.01438688]\n",
      " [-0.0016886   0.01118822 -0.00887365 -0.00551525]\n",
      " [ 0.01127426 -0.00887365  0.01038853  0.00834507]\n",
      " [ 0.01438688 -0.00551525  0.00834507  0.01331846]]\n",
      "{'factor': 1.0252975519362197, 'obs_sd': 0.4341813283448652, 'offset': array(0.02049342)}\n",
      "[[ 0.03973748 -0.00168546  0.01295069  0.01371987]\n",
      " [-0.00168546  0.01117347 -0.00825572 -0.00536707]\n",
      " [ 0.01295069 -0.00825572  0.01044345  0.00854325]\n",
      " [ 0.01371987 -0.00536707  0.00854325  0.01302063]]\n",
      "{'factor': 1.0253382541439573, 'obs_sd': 0.43414698834676313, 'offset': array(0.02061795)}\n",
      "[[ 0.03967682 -0.00168989  0.01323893  0.01418066]\n",
      " [-0.00168989  0.0111842  -0.00814973 -0.0054086 ]\n",
      " [ 0.01323893 -0.00814973  0.01046378  0.00856356]\n",
      " [ 0.01418066 -0.0054086   0.00856356  0.01306386]]\n",
      "{'factor': 1.025420482635964, 'obs_sd': 0.4340803924112967, 'offset': array(0.02061039)}\n",
      "[[ 0.03963263 -0.00169064  0.0132353   0.01414076]\n",
      " [-0.00169064  0.01117397 -0.00814984 -0.00538951]\n",
      " [ 0.0132353  -0.00814984  0.01046084  0.00853951]\n",
      " [ 0.01414076 -0.00538951  0.00853951  0.01302387]]\n",
      "{'factor': 1.0257494295748366, 'obs_sd': 0.4338140597507346, 'offset': array(0.02058015)}\n",
      "[[ 0.03945612 -0.0016936   0.01322072  0.01398154]\n",
      " [-0.0016936   0.0111331  -0.00815028 -0.00531326]\n",
      " [ 0.01322072 -0.00815028  0.01044964  0.00844339]\n",
      " [ 0.01398154 -0.00531326  0.00844339  0.01286501]]\n",
      "{'factor': 1.0270657448638505, 'obs_sd': 0.43274954640934077, 'offset': array(0.02045921)}\n",
      "[[ 0.03875401 -0.00170514  0.01316173  0.01335033]\n",
      " [-0.00170514  0.0109704  -0.00815164 -0.00501024]\n",
      " [ 0.01316173 -0.00815164  0.01041349  0.00806003]\n",
      " [ 0.01335033 -0.00501024  0.00806003  0.0122467 ]]\n",
      "{'factor': 1.0323394465562965, 'obs_sd': 0.4285045698574402, 'offset': array(0.01997545)}\n",
      "[[ 0.03600862 -0.00174649  0.0129151   0.01091683]\n",
      " [-0.00174649  0.01033236 -0.00815088 -0.00382967]\n",
      " [ 0.0129151  -0.00815088  0.01040715  0.00654457]\n",
      " [ 0.01091683 -0.00382967  0.00654457  0.01004825]]\n",
      "{'factor': 1.053569301908323, 'obs_sd': 0.4117338926686352, 'offset': array(0.01804041)}\n",
      "[[ 0.02603555 -0.00183493  0.01175782  0.00264371]\n",
      " [-0.00183493  0.00798458 -0.00804854  0.00038845]\n",
      " [ 0.01175782 -0.00804854  0.01259399  0.00077035]\n",
      " [ 0.00264371  0.00038845  0.00077035  0.00565058]]\n",
      "{'factor': 1.109672431332484, 'obs_sd': 0.371717099394529, 'offset': array(0.01858419)}\n",
      "[[ 0.00297361 -0.00058559  0.00452495  0.00019573]\n",
      " [-0.00058559  0.00174271 -0.00482583  0.00073188]\n",
      " [ 0.00452495 -0.00482583  0.01851082 -0.00091709]\n",
      " [ 0.00019573  0.00073188 -0.00091709  0.00599743]]\n",
      "{'factor': 1.2224939186860364, 'obs_sd': 0.3010819580808936, 'offset': array(0.03336987)}\n",
      "[[ 3.57847510e-03 -1.46546417e-05 -2.38695007e-03  2.92281631e-03]\n",
      " [-1.46546417e-05  3.27703555e-04  8.51474744e-04 -1.11188830e-03]\n",
      " [-2.38695007e-03  8.51474744e-04  1.16725467e-02 -1.85614752e-03]\n",
      " [ 2.92281631e-03 -1.11188830e-03 -1.85614752e-03  1.39663236e-02]]\n",
      "{'factor': 1.5177199612998595, 'obs_sd': 0.16844920017400478, 'offset': array(0.06994183)}\n",
      "[[ 0.01957617  0.00713642 -0.00732283  0.0086448 ]\n",
      " [ 0.00713642  0.02245201  0.01100546 -0.00265826]\n",
      " [-0.00732283  0.01100546  0.01500922 -0.00627631]\n",
      " [ 0.0086448  -0.00265826 -0.00627631  0.00584597]]\n",
      "{'factor': 1.5808894081323057, 'obs_sd': 0.1453488820009219, 'offset': array(0.07085473)}\n",
      "[[ 0.01988634  0.00886153 -0.00275893  0.00696356]\n",
      " [ 0.00886153  0.02480781  0.00536468 -0.00121894]\n",
      " [-0.00275893  0.00536468  0.00468643 -0.00154873]\n",
      " [ 0.00696356 -0.00121894 -0.00154873  0.00364132]]\n",
      "{'factor': 1.8464465010750177, 'obs_sd': 0.0699760632942538, 'offset': array(0.07450633)}\n",
      "[[ 2.11514080e-02  1.60232876e-02  1.62203882e-02 -3.53393015e-05]\n",
      " [ 1.60232876e-02  3.72818085e-02 -1.30754326e-02  2.40163325e-03]\n",
      " [ 1.62203882e-02 -1.30754326e-02  3.85135964e-02 -2.22943156e-03]\n",
      " [-3.53393015e-05  2.40163325e-03 -2.22943156e-03  1.50291444e-03]]\n",
      "{'factor': 1.635835941842984, 'obs_sd': 0.1269756162011844, 'offset': array(0.07163407)}\n",
      "[[ 0.02015306  0.01035492  0.00119451  0.00550662]\n",
      " [ 0.01035492  0.02706034  0.00087541 -0.00015926]\n",
      " [ 0.00119451  0.00087541  0.00181762  0.00093706]\n",
      " [ 0.00550662 -0.00015926  0.00093706  0.00228779]]\n",
      "{'factor': 1.8548106593448137, 'obs_sd': 0.06913081369349496, 'offset': array(0.08244298)}\n",
      "[[ 0.02178731  0.00664082  0.00679936 -0.01182168]\n",
      " [ 0.00664082  0.01422776 -0.01099233  0.00113965]\n",
      " [ 0.00679936 -0.01099233  0.02008035 -0.00797196]\n",
      " [-0.01182168  0.00113965 -0.00797196  0.00895823]]\n",
      "{'factor': 1.677333732667592, 'obs_sd': 0.11436243024130434, 'offset': array(0.07373561)}\n",
      "[[ 2.04658163e-02  9.65750931e-03  2.25096540e-03  2.24262047e-03]\n",
      " [ 9.65750931e-03  2.42288314e-02 -1.96237509e-03 -6.11344010e-05]\n",
      " [ 2.25096540e-03 -1.96237509e-03  1.17076390e-03  6.33074115e-04]\n",
      " [ 2.24262047e-03 -6.11344010e-05  6.33074115e-04  5.99804123e-04]]\n",
      "{'factor': 1.7170246854121851, 'obs_sd': 0.10312815739034507, 'offset': array(0.09705626)}\n",
      "[[ 0.01297759  0.0052487   0.00184828 -0.0018094 ]\n",
      " [ 0.0052487   0.01379832 -0.00161591  0.00050342]\n",
      " [ 0.00184828 -0.00161591  0.00146881 -0.00028512]\n",
      " [-0.0018094   0.00050342 -0.00028512  0.00048956]]\n",
      "{'factor': 1.7699381553855307, 'obs_sd': 0.0893065835951109, 'offset': array(0.11437499)}\n",
      "[[ 0.00328979  0.00048216  0.00098536 -0.00127008]\n",
      " [ 0.00048216  0.00182265 -0.00084868  0.00045832]\n",
      " [ 0.00098536 -0.00084868  0.00147986 -0.00054912]\n",
      " [-0.00127008  0.00045832 -0.00054912  0.00080283]]\n",
      "{'factor': 1.9896219358850205, 'obs_sd': 0.043960433181826464, 'offset': array(0.18364991)}\n",
      "[[ 0.02853473  0.0240312  -0.00354904  0.00797281]\n",
      " [ 0.0240312   0.06995538  0.00396143 -0.00026061]\n",
      " [-0.00354904  0.00396143  0.00169471 -0.00185817]\n",
      " [ 0.00797281 -0.00026061 -0.00185817  0.00496424]]\n",
      "{'factor': 1.8048791054763749, 'obs_sd': 0.08082814673282951, 'offset': array(0.12566967)}\n",
      "[[ 0.00041949 -0.00033055  0.00036426 -0.00053662]\n",
      " [-0.00033055  0.00026386 -0.00025451  0.0003999 ]\n",
      " [ 0.00036426 -0.00025451  0.00149626 -0.00073493]\n",
      " [-0.00053662  0.0003999  -0.00073493  0.00116382]]\n"
     ]
    },
    {
     "name": "stdout",
     "output_type": "stream",
     "text": [
      "{'factor': 1.9585311986911487, 'obs_sd': 0.04864848984088905, 'offset': array(-0.04564986)}\n",
      "[[ 0.03753533  0.00507855  0.00155318  0.02509101]\n",
      " [ 0.00507855  0.01941011 -0.00053585 -0.00642491]\n",
      " [ 0.00155318 -0.00053585  0.00041477  0.00082566]\n",
      " [ 0.02509101 -0.00642491  0.00082566  0.02445394]]\n",
      "{'factor': 1.8198799584095553, 'obs_sd': 0.07726375237736108, 'offset': array(0.1086306)}\n",
      "[[ 1.71623045e-06  1.45210648e-05 -1.28959303e-05  3.08928483e-05]\n",
      " [ 1.45210648e-05  5.14660708e-04  6.31699196e-05  2.80719703e-04]\n",
      " [-1.28959303e-05  6.31699196e-05  1.24330443e-03 -9.86140021e-04]\n",
      " [ 3.08928483e-05  2.80719703e-04 -9.86140021e-04  2.04338219e-03]]\n",
      "{'factor': 1.8138242790812538, 'obs_sd': 0.07875287283603163, 'offset': array(0.11119698)}\n",
      "[[ 1.96778255e-04  1.15295515e-04 -1.98466186e-04  5.42233372e-04]\n",
      " [ 1.15295515e-04  1.41081634e-04  4.71285938e-05  1.25648863e-04]\n",
      " [-1.98466186e-04  4.71285938e-05  9.86326410e-04 -9.66251504e-04]\n",
      " [ 5.42233372e-04  1.25648863e-04 -9.66251504e-04  2.05799654e-03]]\n",
      "{'factor': 1.7901430650047157, 'obs_sd': 0.0842008125292748, 'offset': array(0.10974281)}\n",
      "[[ 9.48235382e-05 -5.30624479e-05 -8.66660622e-05  3.60670738e-04]\n",
      " [-5.30624479e-05  3.55431668e-04  2.88744030e-04 -6.95579348e-04]\n",
      " [-8.66660622e-05  2.88744030e-04  3.73131590e-04 -7.52020972e-04]\n",
      " [ 3.60670738e-04 -6.95579348e-04 -7.52020972e-04  2.18926602e-03]]\n",
      "{'factor': 1.7597499926718627, 'obs_sd': 0.0915902140598915, 'offset': array(0.10206921)}\n",
      "[[7.63187309e-05 8.06865087e-05 8.52321864e-05 3.42087545e-04]\n",
      " [8.06865087e-05 9.18196035e-05 6.96425142e-05 4.13223452e-04]\n",
      " [8.52321864e-05 6.96425142e-05 2.05356484e-04 1.55304209e-04]\n",
      " [3.42087545e-04 4.13223452e-04 1.55304209e-04 2.11441414e-03]]\n",
      "{'factor': 1.7535512084463591, 'obs_sd': 0.09307010483526172, 'offset': array(0.09689273)}\n",
      "[[ 3.19314064e-05  1.84112607e-04 -5.24369013e-05  2.00832289e-04]\n",
      " [ 1.84112607e-04  1.85232878e-03 -6.74193450e-05  1.60183971e-03]\n",
      " [-5.24369013e-05 -6.74193450e-05  2.87433103e-04 -2.15233533e-04]\n",
      " [ 2.00832289e-04  1.60183971e-03 -2.15233533e-04  1.55674344e-03]]\n",
      "{'factor': 1.7582948909556666, 'obs_sd': 0.09193630422424003, 'offset': array(0.10085491)}\n",
      "[[6.41617670e-05 1.18272548e-04 4.21642561e-05 3.07101020e-04]\n",
      " [1.18272548e-04 2.87270777e-04 3.20051070e-05 7.40592514e-04]\n",
      " [4.21642561e-05 3.20051070e-05 6.66119814e-05 8.59084361e-05]\n",
      " [3.07101020e-04 7.40592514e-04 8.59084361e-05 1.97032693e-03]]\n",
      "{'factor': 1.7622391472088985, 'obs_sd': 0.0909075385820378, 'offset': array(0.10133771)}\n",
      "[[6.99899319e-05 1.09927658e-04 4.51326808e-05 2.83875700e-04]\n",
      " [1.09927658e-04 2.59636788e-04 2.34798740e-05 6.33409627e-04]\n",
      " [4.51326808e-05 2.34798740e-05 6.27727308e-05 8.20235525e-05]\n",
      " [2.83875700e-04 6.33409627e-04 8.20235525e-05 1.62994524e-03]]\n",
      "{'factor': 1.7780603620012856, 'obs_sd': 0.0868503596754091, 'offset': array(0.10326893)}\n",
      "[[ 9.58741845e-05  6.47354235e-05  5.79268029e-05  1.58957514e-04]\n",
      " [ 6.47354235e-05  2.26984351e-04 -3.30350908e-06  3.35577240e-04]\n",
      " [ 5.79268029e-05 -3.30350908e-06  5.40277021e-05  4.79409639e-05]\n",
      " [ 1.58957514e-04  3.35577240e-04  4.79409639e-05  6.96635193e-04]]\n",
      "{'factor': 1.8007745669881075, 'obs_sd': 0.08098354546368229, 'offset': array(0.1092956)}\n",
      "[[ 6.16654073e-05  9.67567878e-06  8.20127730e-05 -3.21149118e-05]\n",
      " [ 9.67567878e-06  3.49743487e-06  1.63081069e-05 -1.49550659e-05]\n",
      " [ 8.20127730e-05  1.63081069e-05  1.48278238e-04 -6.23155900e-05]\n",
      " [-3.21149118e-05 -1.49550659e-05 -6.23155900e-05  1.72738163e-04]]\n",
      "{'factor': 1.788143664305983, 'obs_sd': 0.08421603342427547, 'offset': array(0.10594901)}\n",
      "[[7.97209174e-05 3.76459088e-05 7.08463087e-05 6.41350986e-05]\n",
      " [3.76459088e-05 8.17598335e-05 3.15478558e-05 6.93041158e-05]\n",
      " [7.08463087e-05 3.15478558e-05 7.90819684e-05 6.43970925e-05]\n",
      " [6.41350986e-05 6.93041158e-05 6.43970925e-05 9.49660459e-05]]\n",
      "{'factor': 1.729059994461643, 'obs_sd': 0.09915877211229344, 'offset': array(0.10623354)}\n",
      "[[ 0.00012527  0.00037977  0.00011289 -0.00038988]\n",
      " [ 0.00037977  0.00117562  0.00035884 -0.00114265]\n",
      " [ 0.00011289  0.00035884  0.00011745 -0.00032517]\n",
      " [-0.00038988 -0.00114265 -0.00032517  0.00346276]]\n",
      "{'factor': 1.7831291643443976, 'obs_sd': 0.08542752349843917, 'offset': array(0.10597298)}\n",
      "[[8.31580099e-05 6.12272202e-05 7.40111825e-05 3.33023388e-05]\n",
      " [6.12272202e-05 1.03935689e-04 5.54754883e-05 6.69397919e-05]\n",
      " [7.40111825e-05 5.54754883e-05 7.93521911e-05 4.92884420e-05]\n",
      " [3.33023388e-05 6.69397919e-05 4.92884420e-05 9.80031009e-05]]\n",
      "{'factor': 1.7776743282079297, 'obs_sd': 0.08676218545540461, 'offset': array(0.1055097)}\n",
      "[[8.27564470e-05 4.66778355e-05 6.84843556e-05 2.72485645e-05]\n",
      " [4.66778355e-05 6.11054821e-05 3.96959889e-05 2.79421505e-05]\n",
      " [6.84843556e-05 3.96959889e-05 6.72478091e-05 3.40949473e-05]\n",
      " [2.72485645e-05 2.79421505e-05 3.40949473e-05 8.44659147e-05]]\n",
      "{'factor': 1.7748651722073148, 'obs_sd': 0.08740294284307952, 'offset': array(0.1046293)}\n",
      "[[7.21710638e-05 3.80710804e-05 6.22480393e-05 1.54020699e-05]\n",
      " [3.80710804e-05 6.09903045e-05 3.78159670e-05 3.43564678e-05]\n",
      " [6.22480393e-05 3.78159670e-05 6.11065644e-05 2.00369457e-05]\n",
      " [1.54020699e-05 3.43564678e-05 2.00369457e-05 2.70282479e-05]]\n",
      "{'factor': 1.7742567339700042, 'obs_sd': 0.08754038278177499, 'offset': array(0.10442594)}\n",
      "[[6.94061980e-05 3.51475861e-05 6.10648272e-05 1.73838675e-05]\n",
      " [3.51475861e-05 5.95729567e-05 3.67931836e-05 3.33173914e-05]\n",
      " [6.10648272e-05 3.67931836e-05 6.03657249e-05 2.48013504e-05]\n",
      " [1.73838675e-05 3.33173914e-05 2.48013504e-05 2.93420419e-05]]\n",
      "{'factor': 1.7733734576412905, 'obs_sd': 0.08774823432419922, 'offset': array(0.10401741)}\n",
      "[[7.17326378e-05 3.61850680e-05 6.06616787e-05 2.28584653e-05]\n",
      " [3.61850680e-05 6.24444707e-05 3.80785490e-05 3.45362109e-05]\n",
      " [6.06616787e-05 3.80785490e-05 5.93881125e-05 3.44828358e-05]\n",
      " [2.28584653e-05 3.45362109e-05 3.44828358e-05 4.59616634e-05]]\n",
      "{'factor': 1.772196621040821, 'obs_sd': 0.08804480360509379, 'offset': array(0.1033145)}\n",
      "[[7.35245462e-05 3.60830065e-05 6.09747349e-05 2.99756519e-05]\n",
      " [3.60830065e-05 7.57689388e-05 4.91445924e-05 5.05238698e-05]\n",
      " [6.09747349e-05 4.91445924e-05 7.75981280e-05 5.04456601e-05]\n",
      " [2.99756519e-05 5.05238698e-05 5.04456601e-05 4.81326458e-05]]\n",
      "{'factor': 1.7747918193186913, 'obs_sd': 0.08739121646157211, 'offset': array(0.10253239)}\n",
      "[[6.37924555e-05 3.28050832e-05 4.52282233e-05 3.60087566e-05]\n",
      " [3.28050832e-05 1.25147909e-04 4.79743183e-05 2.26476304e-05]\n",
      " [4.52282233e-05 4.79743183e-05 6.51972058e-05 6.69159506e-05]\n",
      " [3.60087566e-05 2.26476304e-05 6.69159506e-05 8.80277404e-05]]\n",
      "{'factor': 1.7729703357012336, 'obs_sd': 0.08784964277203486, 'offset': array(0.10308127)}\n",
      "[[7.05490054e-05 3.50934635e-05 5.60990539e-05 3.19016800e-05]\n",
      " [3.50934635e-05 8.88434534e-05 4.88493363e-05 4.47890735e-05]\n",
      " [5.60990539e-05 4.88493363e-05 7.33411664e-05 5.48041987e-05]\n",
      " [3.19016800e-05 4.47890735e-05 5.48041987e-05 5.10348659e-05]]\n",
      "{'factor': 1.7720567612277742, 'obs_sd': 0.08807507177681319, 'offset': array(0.10282821)}\n",
      "[[7.56106089e-05 4.38235865e-05 5.16751702e-05 3.86326815e-05]\n",
      " [4.38235865e-05 7.76399260e-05 4.90849511e-05 5.25505824e-05]\n",
      " [5.16751702e-05 4.90849511e-05 6.39177667e-05 5.49149023e-05]\n",
      " [3.86326815e-05 5.25505824e-05 5.49149023e-05 5.89052121e-05]]\n",
      "{'factor': 1.7722421315085117, 'obs_sd': 0.08802857881640935, 'offset': array(0.10279835)}\n",
      "[[7.62601734e-05 4.25591803e-05 5.20199185e-05 3.77527785e-05]\n",
      " [4.25591803e-05 7.73929132e-05 4.90098061e-05 5.18362132e-05]\n",
      " [5.20199185e-05 4.90098061e-05 6.45755311e-05 5.52696695e-05]\n",
      " [3.77527785e-05 5.18362132e-05 5.52696695e-05 5.93540384e-05]]\n",
      "{'factor': 1.772618038354597, 'obs_sd': 0.08793596749237033, 'offset': array(0.10281768)}\n",
      "[[7.62610553e-05 3.99755697e-05 5.19140504e-05 3.55936438e-05]\n",
      " [3.99755697e-05 7.88011446e-05 4.91044229e-05 5.09180223e-05]\n",
      " [5.19140504e-05 4.91044229e-05 6.51317120e-05 5.45793306e-05]\n",
      " [3.55936438e-05 5.09180223e-05 5.45793306e-05 5.66909291e-05]]\n",
      "{'factor': 1.7732710446435034, 'obs_sd': 0.08777297849792601, 'offset': array(0.10283544)}\n",
      "[[7.77026999e-05 3.37109313e-05 5.15645205e-05 3.06563961e-05]\n",
      " [3.37109313e-05 7.81228963e-05 5.00085168e-05 4.91388722e-05]\n",
      " [5.15645205e-05 5.00085168e-05 6.66443563e-05 5.49375740e-05]\n",
      " [3.06563961e-05 4.91388722e-05 5.49375740e-05 5.66815313e-05]]\n"
     ]
    },
    {
     "name": "stdout",
     "output_type": "stream",
     "text": [
      "{'factor': 1.7734263474314127, 'obs_sd': 0.0877363476554642, 'offset': array(0.10284333)}\n",
      "[[7.82866347e-05 3.15532209e-05 5.14291535e-05 2.96342681e-05]\n",
      " [3.15532209e-05 7.97383935e-05 5.00092459e-05 4.92772437e-05]\n",
      " [5.14291535e-05 5.00092459e-05 6.60399096e-05 5.38082403e-05]\n",
      " [2.96342681e-05 4.92772437e-05 5.38082403e-05 5.34926608e-05]]\n",
      "{'factor': 1.7733697530865802, 'obs_sd': 0.08775103722748774, 'offset': array(0.10288717)}\n",
      "[[7.73856238e-05 3.02283953e-05 5.06885179e-05 2.88601350e-05]\n",
      " [3.02283953e-05 7.79527878e-05 4.96477019e-05 4.97027746e-05]\n",
      " [5.06885179e-05 4.96477019e-05 6.55340377e-05 5.39740862e-05]\n",
      " [2.88601350e-05 4.97027746e-05 5.39740862e-05 5.36630992e-05]]\n",
      "{'factor': 1.773257703102082, 'obs_sd': 0.08777946199578208, 'offset': array(0.10289073)}\n",
      "[[7.82468871e-05 2.97798659e-05 5.09391554e-05 2.93670462e-05]\n",
      " [2.97798659e-05 7.55690640e-05 5.02473631e-05 4.96312757e-05]\n",
      " [5.09391554e-05 5.02473631e-05 6.54298640e-05 5.45820140e-05]\n",
      " [2.93670462e-05 4.96312757e-05 5.45820140e-05 5.33682824e-05]]\n",
      "{'factor': 1.7730068566073585, 'obs_sd': 0.08784126582917846, 'offset': array(0.10285464)}\n",
      "[[7.74020725e-05 2.98102590e-05 5.09948795e-05 3.04799432e-05]\n",
      " [2.98102590e-05 7.60763560e-05 5.13490312e-05 5.20699594e-05]\n",
      " [5.09948795e-05 5.13490312e-05 6.47855100e-05 5.56824567e-05]\n",
      " [3.04799432e-05 5.20699594e-05 5.56824567e-05 5.54099481e-05]]\n",
      "{'factor': 1.7730282577856495, 'obs_sd': 0.08783524420878527, 'offset': array(0.10285085)}\n",
      "[[7.74080529e-05 3.05121169e-05 5.15016924e-05 3.11229131e-05]\n",
      " [3.05121169e-05 7.51701529e-05 5.16092815e-05 5.09245697e-05]\n",
      " [5.15016924e-05 5.16092815e-05 6.53843393e-05 5.57136010e-05]\n",
      " [3.11229131e-05 5.09245697e-05 5.57136010e-05 5.45018510e-05]]\n",
      "{'factor': 1.7730486505961478, 'obs_sd': 0.08783015656408844, 'offset': array(0.10282936)}\n",
      "[[7.75380764e-05 3.04662733e-05 5.16366149e-05 3.11623499e-05]\n",
      " [3.04662733e-05 7.57084503e-05 5.16050336e-05 5.11418291e-05]\n",
      " [5.16366149e-05 5.16050336e-05 6.55010488e-05 5.57908814e-05]\n",
      " [3.11623499e-05 5.11418291e-05 5.57908814e-05 5.46210587e-05]]\n",
      "{'factor': 1.7730563636595404, 'obs_sd': 0.0878283215888923, 'offset': array(0.10282663)}\n",
      "[[7.74672928e-05 3.04719174e-05 5.16800507e-05 3.11710830e-05]\n",
      " [3.04719174e-05 7.59300969e-05 5.15243049e-05 5.11546469e-05]\n",
      " [5.16800507e-05 5.15243049e-05 6.55408074e-05 5.58418066e-05]\n",
      " [3.11710830e-05 5.11546469e-05 5.58418066e-05 5.47346717e-05]]\n",
      "{'factor': 1.7730580561655978, 'obs_sd': 0.08782788850182298, 'offset': array(0.10282854)}\n",
      "[[7.74709112e-05 3.04924032e-05 5.16930793e-05 3.11694281e-05]\n",
      " [3.04924032e-05 7.59619783e-05 5.15215468e-05 5.11388126e-05]\n",
      " [5.16930793e-05 5.15215468e-05 6.55865700e-05 5.58762021e-05]\n",
      " [3.11694281e-05 5.11388126e-05 5.58762021e-05 5.47646268e-05]]\n",
      "{'factor': 1.7730583707699765, 'obs_sd': 0.08782770610912861, 'offset': array(0.10282984)}\n",
      "[[7.74764715e-05 3.05053227e-05 5.16882133e-05 3.11628207e-05]\n",
      " [3.05053227e-05 7.59556169e-05 5.15108475e-05 5.11191659e-05]\n",
      " [5.16882133e-05 5.15108475e-05 6.55827849e-05 5.58721928e-05]\n",
      " [3.11628207e-05 5.11191659e-05 5.58721928e-05 5.47600213e-05]]\n",
      "{'factor': 1.773057719210339, 'obs_sd': 0.08782770867015072, 'offset': array(0.10283004)}\n",
      "[[7.74788332e-05 3.05072065e-05 5.16852269e-05 3.11589587e-05]\n",
      " [3.05072065e-05 7.59535260e-05 5.15130402e-05 5.11206487e-05]\n",
      " [5.16852269e-05 5.15130402e-05 6.55832051e-05 5.58697240e-05]\n",
      " [3.11589587e-05 5.11206487e-05 5.58697240e-05 5.47542249e-05]]\n",
      "{'factor': 1.773056963800994, 'obs_sd': 0.0878276956260082, 'offset': array(0.10282994)}\n",
      "[[7.74796220e-05 3.05068450e-05 5.16844369e-05 3.11578259e-05]\n",
      " [3.05068450e-05 7.59537114e-05 5.15130731e-05 5.11216488e-05]\n",
      " [5.16844369e-05 5.15130731e-05 6.55818552e-05 5.58672635e-05]\n",
      " [3.11578259e-05 5.11216488e-05 5.58672635e-05 5.47506847e-05]]\n",
      "{'factor': 1.7730558088558348, 'obs_sd': 0.0878276863729994, 'offset': array(0.10282985)}\n",
      "[[7.74796982e-05 3.05060307e-05 5.16842810e-05 3.11574336e-05]\n",
      " [3.05060307e-05 7.59544032e-05 5.15132405e-05 5.11225553e-05]\n",
      " [5.16842810e-05 5.15132405e-05 6.55814231e-05 5.58660977e-05]\n",
      " [3.11574336e-05 5.11225553e-05 5.58660977e-05 5.47488695e-05]]\n",
