{
 "cells": [
  {
   "cell_type": "code",
   "execution_count": 1,
   "metadata": {},
   "outputs": [],
   "source": [
    "from jax.config import config\n",
    "config.update(\"jax_enable_x64\", True)\n",
    "\n",
    "import jax.numpy as jnp\n",
    "import numpy as onp\n",
    "import matplotlib.pyplot as plt\n",
    "%matplotlib inline\n",
    "\n",
    "%load_ext autoreload\n",
    "%autoreload 2"
   ]
  },
  {
   "cell_type": "code",
   "execution_count": 2,
   "metadata": {},
   "outputs": [],
   "source": [
    "from gen_elo.margin_functions import margin_functions"
   ]
  },
  {
   "cell_type": "code",
   "execution_count": 3,
   "metadata": {},
   "outputs": [],
   "source": [
    "from tdata.datasets.oncourt_dataset import OnCourtDataset"
   ]
  },
  {
   "cell_type": "code",
   "execution_count": 4,
   "metadata": {},
   "outputs": [
    {
     "name": "stderr",
     "output_type": "stream",
     "text": [
      "/anaconda2/envs/jax/lib/python3.7/site-packages/pandas/core/indexing.py:376: SettingWithCopyWarning: \n",
      "A value is trying to be set on a copy of a slice from a DataFrame.\n",
      "Try using .loc[row_indexer,col_indexer] = value instead\n",
      "\n",
      "See the caveats in the documentation: http://pandas.pydata.org/pandas-docs/stable/user_guide/indexing.html#returning-a-view-versus-a-copy\n",
      "  self.obj[key] = _infer_fill_value(value)\n",
      "/anaconda2/envs/jax/lib/python3.7/site-packages/pandas/core/indexing.py:494: SettingWithCopyWarning: \n",
      "A value is trying to be set on a copy of a slice from a DataFrame.\n",
      "Try using .loc[row_indexer,col_indexer] = value instead\n",
      "\n",
      "See the caveats in the documentation: http://pandas.pydata.org/pandas-docs/stable/user_guide/indexing.html#returning-a-view-versus-a-copy\n",
      "  self.obj[item] = s\n"
     ]
    },
    {
     "name": "stdout",
     "output_type": "stream",
     "text": [
      "Warning: dropping duplicates reduced size from 47290 to 47198.\n"
     ]
    }
   ],
   "source": [
    "dataset = OnCourtDataset()"
   ]
  },
  {
   "cell_type": "code",
   "execution_count": 5,
   "metadata": {},
   "outputs": [],
   "source": [
    "df = dataset.get_stats_df()"
   ]
  },
  {
   "cell_type": "code",
   "execution_count": 6,
   "metadata": {},
   "outputs": [],
   "source": [
    "to_use = df[df['year'] >= 2010]\n",
    "to_use = to_use.dropna(subset=['W1S_1'])\n",
    "\n",
    "spw_1 = (to_use['W1S_1'] + to_use['W2S_1']) / (to_use['W1SOF_1'] + to_use['W2SOF_1'])\n",
    "spw_2 = (to_use['W1S_2'] + to_use['W2S_2']) / (to_use['W1SOF_2'] + to_use['W2SOF_2'])\n",
    "\n",
    "margins = (spw_1 - spw_2).values"
   ]
  },
  {
   "cell_type": "code",
   "execution_count": 7,
   "metadata": {},
   "outputs": [],
   "source": [
    "winners = to_use['winner'].values\n",
    "losers = to_use['loser'].values\n",
    "surface = to_use['surface'].values"
   ]
  },
  {
   "cell_type": "code",
   "execution_count": 8,
   "metadata": {},
   "outputs": [],
   "source": [
    "from sklearn.preprocessing import LabelEncoder"
   ]
  },
  {
   "cell_type": "code",
   "execution_count": 9,
   "metadata": {},
   "outputs": [],
   "source": [
    "surf_encoder = LabelEncoder()"
   ]
  },
  {
   "cell_type": "code",
   "execution_count": 10,
   "metadata": {},
   "outputs": [],
   "source": [
    "surface_enc = surf_encoder.fit_transform(surface)"
   ]
  },
  {
   "cell_type": "code",
   "execution_count": 11,
   "metadata": {},
   "outputs": [],
   "source": [
    "n_matches = winners.shape[0]\n",
    "\n",
    "a_winner = onp.zeros((n_matches, len(surf_encoder.classes_)))\n",
    "a_winner[onp.arange(n_matches), surface_enc] = 1\n",
    "a_loser = a_winner.copy()\n",
    "\n",
    "a_full = onp.concatenate([a_winner, -a_loser], axis=1)"
   ]
  },
  {
   "cell_type": "code",
   "execution_count": 12,
   "metadata": {},
   "outputs": [
    {
     "data": {
      "text/plain": [
       "(26039, 8)"
      ]
     },
     "execution_count": 12,
     "metadata": {},
     "output_type": "execute_result"
    }
   ],
   "source": [
    "a_full.shape"
   ]
  },
  {
   "cell_type": "code",
   "execution_count": 13,
   "metadata": {},
   "outputs": [],
   "source": [
    "import numpy as onp\n",
    "\n",
    "encoder = LabelEncoder()\n",
    "encoder.fit(onp.concatenate([winners, losers]))\n",
    "\n",
    "winners_array, losers_array = map(encoder.transform, [winners, losers])"
   ]
  },
  {
   "cell_type": "code",
   "execution_count": 14,
   "metadata": {},
   "outputs": [],
   "source": [
    "from gen_elo.general import optimise_elo, EloParams"
   ]
  },
  {
   "cell_type": "code",
   "execution_count": 15,
   "metadata": {},
   "outputs": [
    {
     "name": "stderr",
     "output_type": "stream",
     "text": [
      "/anaconda2/envs/jax/lib/python3.7/site-packages/jax/lib/xla_bridge.py:114: UserWarning: No GPU/TPU found, falling back to CPU.\n",
      "  warnings.warn('No GPU/TPU found, falling back to CPU.')\n"
     ]
    }
   ],
   "source": [
    "theta = {'factor': 0.1, 'obs_sd': 0.1, 'offset': 0.1}\n",
    "theta = {x: jnp.array(y) for x, y in theta.items()}\n",
    "\n",
    "start_params = EloParams(\n",
    "    theta=theta,\n",
    "    cov_mat=jnp.eye(len(surf_encoder.classes_))\n",
    ")"
   ]
  },
  {
   "cell_type": "code",
   "execution_count": 16,
   "metadata": {},
   "outputs": [],
   "source": [
    "y_full = margins.reshape(-1, 1)"
   ]
  },
  {
   "cell_type": "code",
   "execution_count": 17,
   "metadata": {},
   "outputs": [
    {
     "name": "stdout",
     "output_type": "stream",
     "text": [
      "{'factor': Traced<ShapedArray(float64[])>with<JVPTrace(level=1/1)>, 'obs_sd': Traced<ShapedArray(float64[])>with<JVPTrace(level=1/1)>, 'offset': Traced<ShapedArray(float64[])>with<JVPTrace(level=1/1)>}\n",
      "Traced<ShapedArray(float64[4,4])>with<JVPTrace(level=1/1)>\n",
      "{'factor': 0.010000000000000002, 'obs_sd': 0.010000000000000002, 'offset': array(0.1)}\n",
      "[[1.000001 0.       0.       0.      ]\n",
      " [0.       1.000001 0.       0.      ]\n",
      " [0.       0.       1.000001 0.      ]\n",
      " [0.       0.       0.       1.000001]]\n",
      "{'factor': 0.6564177739884723, 'obs_sd': 0.668912256526237, 'offset': array(0.09745148)}\n",
      "[[1.02216464e+00 3.19189324e-05 2.83966290e-04 1.78532076e-04]\n",
      " [3.19189324e-05 1.00757878e+00 1.74245358e-04 8.73272521e-05]\n",
      " [2.83966290e-04 1.74245358e-04 1.02883542e+00 2.96455354e-04]\n",
      " [1.78532076e-04 8.73272521e-05 2.96455354e-04 1.01202081e+00]]\n",
      "{'factor': 695.4671119268756, 'obs_sd': 805.2490658318138, 'offset': array(-0.00935368)}\n",
      "[[126.30085424  -0.81504343  -2.10521777  -1.47350941]\n",
      " [ -0.81504343  14.77609387  -0.46056959  -0.39591239]\n",
      " [ -2.10521777  -0.46056959 228.57355423  -2.33186263]\n",
      " [ -1.47350941  -0.39591239  -2.33186263  28.8439277 ]]\n",
      "{'factor': 25.234075829451317, 'obs_sd': 45.324630116245544, 'offset': array(0.07452987)}\n",
      "[[ 2.61740024e+00 -2.52206842e-02 -6.53970759e-02 -4.57480915e-02]\n",
      " [-2.52206842e-02  1.57293320e-03 -3.40021387e-04 -3.86959257e-04]\n",
      " [-6.53970759e-02 -3.40021387e-04  5.99332122e+00 -8.11488834e-02]\n",
      " [-4.57480915e-02 -3.86959257e-04 -8.11488834e-02  1.33111096e-01]]\n",
      "{'factor': 0.02018739096856967, 'obs_sd': 3.1803777453247295, 'offset': array(0.09370972)}\n",
      "[[0.33858731 0.00149614 0.00397638 0.00277196]\n",
      " [0.00149614 0.69551665 0.00376183 0.0031643 ]\n",
      " [0.00397638 0.00376183 0.20182884 0.00264269]\n",
      " [0.00277196 0.0031643  0.00264269 0.61279699]]\n",
      "{'factor': 0.44443765087889325, 'obs_sd': 0.928132979937874, 'offset': array(0.09688749)}\n",
      "[[8.95556570e-01 3.92129288e-04 1.20048324e-03 8.21425596e-04]\n",
      " [3.92129288e-04 9.56850421e-01 8.06681977e-04 6.29887243e-04]\n",
      " [1.20048324e-03 8.06681977e-04 8.63291558e-01 1.04071242e-03]\n",
      " [8.21425596e-04 6.29887243e-04 1.04071242e-03 9.45459975e-01]]\n",
      "{'factor': 0.5335742907444012, 'obs_sd': 0.8325054558151765, 'offset': array(0.07139408)}\n",
      "[[0.48590433 0.003243   0.00764051 0.00533483]\n",
      " [0.003243   0.77430605 0.00689111 0.00563446]\n",
      " [0.00764051 0.00689111 0.36113341 0.00543508]\n",
      " [0.00533483 0.00563446 0.00543508 0.70975357]]\n",
      "{'factor': 0.9715299704821877, 'obs_sd': 0.5019729679207332, 'offset': array(-0.03057956)}\n",
      "[[ 0.09000916 -0.00648157 -0.0149198  -0.01043873]\n",
      " [-0.00648157  0.23756068  0.01839453  0.0149892 ]\n",
      " [-0.0149198   0.01839453  0.51149385 -0.02548255]\n",
      " [-0.01043873  0.0149892  -0.02548255  0.10760109]]\n",
      "{'factor': 0.67452418314492, 'obs_sd': 0.7053279316060589, 'offset': array(0.035099)}\n",
      "[[0.11708845 0.00365653 0.00847239 0.00592431]\n",
      " [0.00365653 0.54779006 0.01333921 0.01091969]\n",
      " [0.00847239 0.01333921 0.01870388 0.0033244 ]\n",
      " [0.00592431 0.01091969 0.0033244  0.43295433]]\n",
      "{'factor': 0.8034994680966748, 'obs_sd': 0.6081504410765748, 'offset': array(0.00509551)}\n",
      "[[ 0.00238354  0.00076505  0.00176536  0.00123488]\n",
      " [ 0.00076505  0.39014143  0.01670547  0.01365685]\n",
      " [ 0.00176536  0.01670547  0.06603394 -0.00584183]\n",
      " [ 0.00123488  0.01365685 -0.00584183  0.25627182]]\n",
      "{'factor': 2.2460126351912226, 'obs_sd': 0.08982484059622114, 'offset': array(1.16398021)}\n",
      "[[ 7.27973689 -0.11211377  0.42814238 -0.13730998]\n",
      " [-0.11211377  2.32766922  0.15354992 -0.05743394]\n",
      " [ 0.42814238  0.15354992  3.45191703  0.04082949]\n",
      " [-0.13730998 -0.05743394  0.04082949  5.52970562]]\n",
      "{'factor': 0.8774866997234266, 'obs_sd': 0.5590027215704542, 'offset': array(0.08275603)}\n",
      "[[ 0.01829837 -0.00235473 -0.00312598 -0.00365413]\n",
      " [-0.00235473  0.23105887  0.00860565  0.01124486]\n",
      " [-0.00312598  0.00860565  0.13041603 -0.00799562]\n",
      " [-0.00365413  0.01124486 -0.00799562  0.0998396 ]]\n",
      "{'factor': 0.9817450693568015, 'obs_sd': 0.49591861024422296, 'offset': array(-0.14769359)}\n",
      "[[ 1.08759646e-01 -3.05630992e-03 -1.53960954e-03  1.61543200e-04]\n",
      " [-3.05630992e-03  1.45505237e-02  2.33484262e-03  2.20961102e-03]\n",
      " [-1.53960954e-03  2.33484262e-03  2.11622357e-01 -6.20634017e-03]\n",
      " [ 1.61543200e-04  2.20961102e-03 -6.20634017e-03  1.90919252e-02]]\n",
      "{'factor': 0.909252238900015, 'obs_sd': 0.5389987808013647, 'offset': array(0.01115755)}\n",
      "[[ 0.03830052 -0.00291182 -0.00340133 -0.0036144 ]\n",
      " [-0.00291182  0.13600611  0.0067777   0.00807978]\n",
      " [-0.00340133  0.0067777   0.15344703 -0.00777592]\n",
      " [-0.0036144   0.00807978 -0.00777592  0.03134618]]\n",
      "{'factor': 0.9510207725773084, 'obs_sd': 0.5137076273307439, 'offset': array(0.00702321)}\n",
      "[[ 5.30013475e-03 -9.02793443e-05 -3.30793829e-03  2.24514049e-03]\n",
      " [-9.02793443e-05  1.43233214e-02  5.40362044e-03  3.10925347e-03]\n",
      " [-3.30793829e-03  5.40362044e-03  3.00444562e-01  1.79547784e-03]\n",
      " [ 2.24514049e-03  3.10925347e-03  1.79547784e-03  1.66222021e-03]]\n",
      "{'factor': 0.9715114548989363, 'obs_sd': 0.5013519858585779, 'offset': array(-0.01574811)}\n",
      "[[ 0.01068059  0.0072703  -0.00562489  0.00797002]\n",
      " [ 0.0072703   0.05162949 -0.01334107 -0.00737904]\n",
      " [-0.00562489 -0.01334107  0.33076415  0.01311837]\n",
      " [ 0.00797002 -0.00737904  0.01311837  0.02728169]]\n",
      "{'factor': 0.9538758232300254, 'obs_sd': 0.511969085587366, 'offset': array(0.00383578)}\n",
      "[[ 0.00594094  0.00067676 -0.0035992   0.0028763 ]\n",
      " [ 0.00067676  0.00535997  0.00283068  0.00257456]\n",
      " [-0.0035992   0.00283068  0.30459467  0.00336293]\n",
      " [ 0.0028763   0.00257456  0.00336293  0.00280163]]\n",
      "{'factor': 0.9566358449722184, 'obs_sd': 0.5102577508944209, 'offset': array(0.00281215)}\n",
      "[[ 0.00452467  0.00753069 -0.00239328 -0.00265213]\n",
      " [ 0.00753069  0.01330822 -0.00302155 -0.0050532 ]\n",
      " [-0.00239328 -0.00302155  0.31457361 -0.01426639]\n",
      " [-0.00265213 -0.0050532  -0.01426639  0.00368701]]\n",
      "{'factor': 0.9540546643691152, 'obs_sd': 0.5118580344102676, 'offset': array(0.00376941)}\n",
      "[[ 0.00584327  0.00118257 -0.0035144   0.00247216]\n",
      " [ 0.00118257  0.00510739  0.00235466  0.0024134 ]\n",
      " [-0.0035144   0.00235466  0.30522151  0.00226054]\n",
      " [ 0.00247216  0.0024134   0.00226054  0.00225216]]\n",
      "{'factor': 0.9543893456653763, 'obs_sd': 0.51165617558474, 'offset': array(0.00396984)}\n",
      "[[ 0.00593863  0.00220847 -0.00322934  0.00326018]\n",
      " [ 0.00220847  0.00598203  0.00178738  0.00289046]\n",
      " [-0.00322934  0.00178738  0.30549069  0.00326483]\n",
      " [ 0.00326018  0.00289046  0.00326483  0.00278405]]\n",
      "{'factor': 0.9541966787477137, 'obs_sd': 0.5117723710331714, 'offset': array(0.00385446)}\n",
      "[[ 0.00588364  0.0016159  -0.00339405  0.00280504]\n",
      " [ 0.0016159   0.00543501  0.002102    0.00258578]\n",
      " [-0.00339405  0.002102    0.30533021  0.00267397]\n",
      " [ 0.00280504  0.00258578  0.00267397  0.00244748]]\n",
      "{'factor': 0.9542382227358737, 'obs_sd': 0.5117446466102696, 'offset': array(0.003866)}\n",
      "[[ 0.00589064  0.0015595  -0.00332794  0.00286678]\n",
      " [ 0.0015595   0.00536723  0.00208948  0.00239024]\n",
      " [-0.00332794  0.00208948  0.30524752  0.00260048]\n",
      " [ 0.00286678  0.00239024  0.00260048  0.00239251]]\n",
      "{'factor': 0.9542528066709138, 'obs_sd': 0.5117315787768648, 'offset': array(0.00392796)}\n",
      "[[ 0.00590215  0.00155813 -0.00331794  0.00286264]\n",
      " [ 0.00155813  0.00536038  0.002072    0.00239388]\n",
      " [-0.00331794  0.002072    0.30501662  0.00264492]\n",
      " [ 0.00286264  0.00239388  0.00264492  0.00238511]]\n",
      "{'factor': 0.9543111435255217, 'obs_sd': 0.5116793091117579, 'offset': array(0.0041758)}\n",
      "[[ 0.00594829  0.00155259 -0.00327767  0.00284592]\n",
      " [ 0.00155259  0.00533305  0.00200218  0.0024084 ]\n",
      " [-0.00327767  0.00200218  0.30409598  0.00282147]\n",
      " [ 0.00284592  0.0024084   0.00282147  0.00235651]]\n",
      "{'factor': 0.9545445087751009, 'obs_sd': 0.5114702571475268, 'offset': array(0.00516716)}\n",
      "[[ 0.00613466  0.00152951 -0.00311246  0.00277689]\n",
      " [ 0.00152951  0.00522463  0.00172443  0.00246624]\n",
      " [-0.00311246  0.00172443  0.30046118  0.00350836]\n",
      " [ 0.00277689  0.00246624  0.00350836  0.00225835]]\n",
      "{'factor': 0.9554782550717836, 'obs_sd': 0.510634476429759, 'offset': array(0.00913259)}\n",
      "[[ 0.00690887  0.00142273 -0.00238543  0.00246608]\n",
      " [ 0.00142273  0.00480554  0.00063795  0.00269373]\n",
      " [-0.00238543  0.00063795  0.28668608  0.00594685]\n",
      " [ 0.00246608  0.00269373  0.00594685  0.0021255 ]]\n",
      "{'factor': 0.957266679542464, 'obs_sd': 0.5088648365813028, 'offset': array(0.02294454)}\n",
      "[[ 0.01120405  0.00170717 -0.0036239   0.00340368]\n",
      " [ 0.00170717  0.00404155  0.00140587  0.00226256]\n",
      " [-0.0036239   0.00140587  0.24862527 -0.00061985]\n",
      " [ 0.00340368  0.00226256 -0.00061985  0.00221691]]\n"
     ]
    },
    {
     "name": "stdout",
     "output_type": "stream",
     "text": [
      "{'factor': 0.9630282644591573, 'obs_sd': 0.5041690752891781, 'offset': array(0.03694274)}\n",
      "[[ 0.02859491  0.0043972   0.01877873 -0.02531034]\n",
      " [ 0.0043972   0.00432442  0.02460587 -0.00686747]\n",
      " [ 0.01877873  0.02460587  0.32271342  0.17982836]\n",
      " [-0.02531034 -0.00686747  0.17982836  0.28074246]]\n",
      "{'factor': 0.9577132649807826, 'obs_sd': 0.5084995805378214, 'offset': array(0.02403106)}\n",
      "[[ 0.01226746  0.00187124 -0.00254299  0.00199839]\n",
      " [ 0.00187124  0.00405644  0.00312954  0.00167638]\n",
      " [-0.00254299  0.00312954  0.24481291  0.0196592 ]\n",
      " [ 0.00199839  0.00167638  0.0196592   0.00276809]]\n",
      "{'factor': 0.9584255382912019, 'obs_sd': 0.5078431123993659, 'offset': array(0.02475291)}\n",
      "[[ 0.01251168  0.00188597 -0.00272255  0.00196773]\n",
      " [ 0.00188597  0.00402076  0.00299838  0.001633  ]\n",
      " [-0.00272255  0.00299838  0.24027829  0.01978706]\n",
      " [ 0.00196773  0.001633    0.01978706  0.00283418]]\n",
      "{'factor': 0.9612772792183467, 'obs_sd': 0.5052214800537406, 'offset': array(0.02764031)}\n",
      "[[ 0.01351263  0.00194412 -0.00347104  0.00183519]\n",
      " [ 0.00194412  0.00387964  0.00248319  0.00146245]\n",
      " [-0.00347104  0.00248319  0.22263443  0.02025533]\n",
      " [ 0.00183519  0.00146245  0.02025533  0.00313787]]\n",
      "{'factor': 0.9727266058944015, 'obs_sd': 0.49480279400239147, 'offset': array(0.03918992)}\n",
      "[[ 0.01790162  0.00216478 -0.0069495   0.00114666]\n",
      " [ 0.00216478  0.00334095  0.00057404  0.00082775]\n",
      " [-0.0069495   0.00057404  0.15997312  0.02143711]\n",
      " [ 0.00114666  0.00082775  0.02143711  0.00498144]]\n",
      "{'factor': 1.0192017200782306, 'obs_sd': 0.454213543095428, 'offset': array(0.08538836)}\n",
      "[[ 0.04162019  0.00285606 -0.02861541 -0.00414135]\n",
      " [ 0.00285606  0.00159889 -0.004637   -0.00095083]\n",
      " [-0.02861541 -0.004637    0.03595395  0.0151039 ]\n",
      " [-0.00414135 -0.00095083  0.0151039   0.02241669]]\n",
      "{'factor': 1.1239159482165217, 'obs_sd': 0.3723030622422325, 'offset': array(0.19293533)}\n",
      "[[ 0.0957352  -0.01092006  0.06039914 -0.01598623]\n",
      " [-0.01092006  0.00167377 -0.0059678   0.00082867]\n",
      " [ 0.06039914 -0.0059678   0.27003195  0.01106486]\n",
      " [-0.01598623  0.00082867  0.01106486  0.05638412]]\n",
      "{'factor': 1.0423437564820828, 'obs_sd': 0.435051632337568, 'offset': array(0.10961525)}\n",
      "[[ 0.05187172  0.00065948 -0.0147343  -0.00623263]\n",
      " [ 0.00065948  0.00060239 -0.00177899 -0.0001511 ]\n",
      " [-0.0147343  -0.00177899  0.00913974  0.00014814]\n",
      " [-0.00623263 -0.0001511   0.00014814  0.02268853]]\n",
      "{'factor': 1.1512618016806722, 'obs_sd': 0.36683340317594254, 'offset': array(0.15378345)}\n",
      "[[ 0.04004024  0.00164198 -0.00741414 -0.00602083]\n",
      " [ 0.00164198  0.00279354  0.00319315  0.00035106]\n",
      " [-0.00741414  0.00319315  0.00933213 -0.00090136]\n",
      " [-0.00602083  0.00035106 -0.00090136  0.0341348 ]]\n",
      "{'factor': 1.3039401851347845, 'obs_sd': 0.28381650520256757, 'offset': array(0.18642795)}\n",
      "[[ 1.95177561e-02 -1.60843283e-03  2.38868712e-03 -4.53838925e-03]\n",
      " [-1.60843283e-03  6.74150498e-03 -5.25108592e-04  8.53742984e-05]\n",
      " [ 2.38868712e-03 -5.25108592e-04  4.81406021e-03  1.36631771e-04]\n",
      " [-4.53838925e-03  8.53742984e-05  1.36631771e-04  2.84284960e-02]]\n",
      "{'factor': 1.617881342852465, 'obs_sd': 0.15598616579617428, 'offset': array(0.21637632)}\n",
      "[[ 3.77270522e-05 -1.95728906e-04  4.34731363e-04 -1.95685911e-04]\n",
      " [-1.95728906e-04  1.18452669e-02 -3.04280305e-03 -5.92662219e-04]\n",
      " [ 4.34731363e-04 -3.04280305e-03  7.21028688e-03  1.51501684e-03]\n",
      " [-1.95685911e-04 -5.92662219e-04  1.51501684e-03  1.66747305e-02]]\n",
      "{'factor': 2.094822458941226, 'obs_sd': 0.043576026395119746, 'offset': array(0.09708805)}\n",
      "[[ 0.00298186  0.00069885  0.00034837  0.00092076]\n",
      " [ 0.00069885  0.01909368 -0.01259238 -0.00010092]\n",
      " [ 0.00034837 -0.01259238  0.01905303  0.01166416]\n",
      " [ 0.00092076 -0.00010092  0.01166416  0.01308595]]\n",
      "{'factor': 1.7929587700530472, 'obs_sd': 0.10482243874210331, 'offset': array(0.1707706)}\n",
      "[[ 0.00029444  0.00042556 -0.00071723  0.00045211]\n",
      " [ 0.00042556  0.01425922 -0.00565751 -0.00058245]\n",
      " [-0.00071723 -0.00565751  0.00779895  0.00557278]\n",
      " [ 0.00045211 -0.00058245  0.00557278  0.01184131]]\n",
      "{'factor': 1.9754044275771796, 'obs_sd': 0.06464919107240162, 'offset': array(0.09234921)}\n",
      "[[ 1.50736146e-05 -6.37783970e-05  2.66704179e-04 -4.49205146e-05]\n",
      " [-6.37783970e-05  1.25076497e-02 -4.23903296e-03 -7.42552341e-05]\n",
      " [ 2.66704179e-04 -4.23903296e-03  9.03155145e-03  3.33732162e-03]\n",
      " [-4.49205146e-05 -7.42552341e-05  3.33732162e-03  5.42499578e-03]]\n",
      "{'factor': 1.8673484885050349, 'obs_sd': 0.08703479876771239, 'offset': array(0.13833465)}\n",
      "[[ 7.31344726e-05  1.83448051e-04 -4.58266519e-04  1.73507054e-04]\n",
      " [ 1.83448051e-04  1.35103280e-02 -5.10799037e-03 -3.87396859e-04]\n",
      " [-4.58266519e-04 -5.10799037e-03  8.04098865e-03  4.47059994e-03]\n",
      " [ 1.73507054e-04 -3.87396859e-04  4.47059994e-03  8.37854018e-03]]\n",
      "{'factor': 1.965491354868247, 'obs_sd': 0.06661193149683087, 'offset': array(0.1210873)}\n",
      "[[ 4.85064584e-05  1.63287601e-04 -2.49307693e-04  8.99683531e-05]\n",
      " [ 1.63287601e-04  9.94685531e-03 -4.59153090e-03  8.46408361e-04]\n",
      " [-2.49307693e-04 -4.59153090e-03  4.77748070e-03  6.65059355e-04]\n",
      " [ 8.99683531e-05  8.46408361e-04  6.65059355e-04  1.49076948e-03]]\n",
      "{'factor': 2.0796933406466738, 'obs_sd': 0.04660224033713985, 'offset': array(0.08063627)}\n",
      "[[ 1.03605699e-03  7.44982486e-04 -5.33538705e-04 -7.81372090e-04]\n",
      " [ 7.44982486e-04  4.94328435e-03 -1.59567924e-03 -4.51590053e-04]\n",
      " [-5.33538705e-04 -1.59567924e-03  7.14265844e-04 -5.83229048e-05]\n",
      " [-7.81372090e-04 -4.51590053e-04 -5.83229048e-05  2.96456892e-03]]\n",
      "{'factor': 2.0100319083720524, 'obs_sd': 0.058315107109226896, 'offset': array(0.10517448)}\n",
      "[[ 2.84490766e-04  3.95342668e-04 -4.79281080e-04 -2.75451518e-05]\n",
      " [ 3.95342668e-04  7.75653039e-03 -3.26279957e-03  3.02826383e-04]\n",
      " [-4.79281080e-04 -3.26279957e-03  2.70894571e-03 -1.79876281e-05]\n",
      " [-2.75451518e-05  3.02826383e-04 -1.79876281e-05  4.77621033e-04]]\n",
      "{'factor': 2.0708234830808525, 'obs_sd': 0.04824679092472634, 'offset': array(0.08452129)}\n",
      "[[ 6.08614990e-04  6.79402966e-04 -7.63607640e-05 -1.03780541e-04]\n",
      " [ 6.79402966e-04  3.23764565e-03 -9.27266686e-04 -5.97494791e-04]\n",
      " [-7.63607640e-05 -9.27266686e-04  3.10131672e-04  1.90449336e-04]\n",
      " [-1.03780541e-04 -5.97494791e-04  1.90449336e-04  3.37407982e-03]]\n",
      "{'factor': 2.0374460618411177, 'obs_sd': 0.053638070448201396, 'offset': array(0.09582274)}\n",
      "[[ 4.16130379e-04  5.16063392e-04 -3.45945242e-04 -5.70813746e-05]\n",
      " [ 5.16063392e-04  5.40085319e-03 -2.11218247e-03 -2.21357626e-04]\n",
      " [-3.45945242e-04 -2.11218247e-03  1.23142586e-03  1.51663415e-04]\n",
      " [-5.70813746e-05 -2.21357626e-04  1.51663415e-04  1.42481292e-03]]\n",
      "{'factor': 2.0613870299320167, 'obs_sd': 0.04941964897933598, 'offset': array(0.09341332)}\n",
      "[[ 3.36371303e-04  4.27082261e-04  5.08762679e-05  9.20421271e-05]\n",
      " [ 4.27082261e-04  1.69691175e-03 -2.94897753e-04  1.97005709e-05]\n",
      " [ 5.08762679e-05 -2.94897753e-04  2.96588258e-04  1.77151843e-04]\n",
      " [ 9.20421271e-05  1.97005709e-05  1.77151843e-04  2.24371983e-04]]\n",
      "{'factor': 2.0462508106236243, 'obs_sd': 0.05206370034026144, 'offset': array(0.09493499)}\n",
      "[[ 3.85754252e-04  4.82315365e-04 -1.90258864e-04  1.61806142e-06]\n",
      " [ 4.82315365e-04  3.74951941e-03 -1.32095620e-03 -1.34530671e-04]\n",
      " [-1.90258864e-04 -1.32095620e-03  7.45153190e-04  1.36429816e-04]\n",
      " [ 1.61806142e-06 -1.34530671e-04  1.36429816e-04  7.73272094e-04]]\n",
      "{'factor': 2.043575341477481, 'obs_sd': 0.05234158594748723, 'offset': array(0.09212629)}\n",
      "[[ 3.74773925e-04  2.90380238e-04 -1.36045370e-04  3.77638750e-05]\n",
      " [ 2.90380238e-04  8.31619676e-04 -5.80790110e-04  5.99779336e-05]\n",
      " [-1.36045370e-04 -5.80790110e-04  7.38207281e-04  2.25443837e-05]\n",
      " [ 3.77638750e-05  5.99779336e-05  2.25443837e-05  7.55375415e-04]]\n",
      "{'factor': 1.9788364922566075, 'obs_sd': 0.0636098131555247, 'offset': array(0.09229364)}\n",
      "[[ 2.12959943e-04 -3.43741910e-05  2.57425843e-05  3.03025443e-04]\n",
      " [-3.43741910e-05  5.75419574e-04 -6.93626566e-04  2.82089972e-04]\n",
      " [ 2.57425843e-05 -6.93626566e-04  1.00140428e-03 -3.66237486e-04]\n",
      " [ 3.03025443e-04  2.82089972e-04 -3.66237486e-04  7.56629812e-04]]\n",
      "{'factor': 1.883399971703416, 'obs_sd': 0.08243809927516296, 'offset': array(0.09460341)}\n",
      "[[ 1.60648265e-06  1.89720626e-05  1.33688305e-05  2.52040573e-05]\n",
      " [ 1.89720626e-05  6.13221272e-04  2.84567880e-04  8.73077766e-04]\n",
      " [ 1.33688305e-05  2.84567880e-04  1.77406560e-03 -1.21775708e-04]\n",
      " [ 2.52040573e-05  8.73077766e-04 -1.21775708e-04  1.48847346e-03]]\n"
     ]
    },
    {
     "name": "stdout",
     "output_type": "stream",
     "text": [
      "{'factor': 1.9356592257429917, 'obs_sd': 0.07176895284326427, 'offset': array(0.09333156)}\n",
      "[[ 7.10002342e-05  8.07132133e-05  7.26860303e-05  2.17565452e-04]\n",
      " [ 8.07132133e-05  3.21411994e-04 -3.65383791e-04  4.98660767e-04]\n",
      " [ 7.26860303e-05 -3.65383791e-04  1.26322934e-03 -2.89840416e-04]\n",
      " [ 2.17565452e-04  4.98660767e-04 -2.89840416e-04  9.59665391e-04]]\n",
      "{'factor': 1.8931096586040626, 'obs_sd': 0.08043614882998891, 'offset': array(0.09910122)}\n",
      "[[ 1.27433311e-05  1.60514149e-05  3.20381187e-05  3.31620520e-05]\n",
      " [ 1.60514149e-05  1.06846015e-04 -2.27697698e-04  3.07999895e-04]\n",
      " [ 3.20381187e-05 -2.27697698e-04  1.17450413e-03 -6.72744162e-04]\n",
      " [ 3.31620520e-05  3.07999895e-04 -6.72744162e-04  9.77669622e-04]]\n",
      "{'factor': 1.8599775218207333, 'obs_sd': 0.08751379695138718, 'offset': array(0.10372308)}\n",
      "[[ 1.77870119e-05  3.04005817e-05  1.96694409e-05  5.99469815e-05]\n",
      " [ 3.04005817e-05  5.60858489e-05  3.10302194e-05  1.11711025e-04]\n",
      " [ 1.96694409e-05  3.10302194e-05  7.94444652e-04 -3.51814454e-04]\n",
      " [ 5.99469815e-05  1.11711025e-04 -3.51814454e-04  6.46432323e-04]]\n",
      "{'factor': 1.8211920851432495, 'obs_sd': 0.09603992920390171, 'offset': array(0.10815702)}\n",
      "[[ 1.56537841e-05 -1.08206376e-04  1.49333094e-05  7.33198493e-05]\n",
      " [-1.08206376e-04  8.05010164e-04 -1.17631654e-04 -5.64419461e-04]\n",
      " [ 1.49333094e-05 -1.17631654e-04  5.15750510e-04 -1.21844210e-04]\n",
      " [ 7.33198493e-05 -5.64419461e-04 -1.21844210e-04  6.71316838e-04]]\n",
      "{'factor': 1.8444110161568779, 'obs_sd': 0.09087741865759252, 'offset': array(0.10549703)}\n",
      "[[ 1.69161501e-05 -2.73595025e-05  1.77164640e-05  6.55894210e-05]\n",
      " [-2.73595025e-05  4.90318897e-05 -4.72622925e-05 -1.06242454e-04]\n",
      " [ 1.77164640e-05 -4.72622925e-05  5.27374808e-04 -6.82510594e-05]\n",
      " [ 6.55894210e-05 -1.06242454e-04 -6.82510594e-05  4.17349805e-04]]\n",
      "{'factor': 1.8471245561225844, 'obs_sd': 0.09017074982657652, 'offset': array(0.10552252)}\n",
      "[[ 7.46517863e-05 -2.35632299e-05  4.57147937e-05  7.01317164e-05]\n",
      " [-2.35632299e-05  1.12538860e-05  6.02188368e-06 -4.05953733e-05]\n",
      " [ 4.57147937e-05  6.02188368e-06  4.41020114e-04 -5.46926881e-05]\n",
      " [ 7.01317164e-05 -4.05953733e-05 -5.46926881e-05  2.31701864e-04]]\n",
      "{'factor': 1.8420637077702964, 'obs_sd': 0.0914007304810236, 'offset': array(0.10603939)}\n",
      "[[ 7.67744655e-05  2.77647327e-05  5.22392420e-05 -5.45311905e-05]\n",
      " [ 2.77647327e-05  2.83311812e-05  7.08929033e-05  4.10495663e-05]\n",
      " [ 5.22392420e-05  7.08929033e-05  3.20199533e-04  3.15259842e-04]\n",
      " [-5.45311905e-05  4.10495663e-05  3.15259842e-04  5.24340136e-04]]\n",
      "{'factor': 1.8406789198914144, 'obs_sd': 0.0917668873711886, 'offset': array(0.10565345)}\n",
      "[[ 8.87545106e-05  5.72313322e-05  3.18309087e-05 -5.43358989e-05]\n",
      " [ 5.72313322e-05  7.33465218e-05  7.79675982e-05  4.17224598e-05]\n",
      " [ 3.18309087e-05  7.79675982e-05  2.07913773e-04  2.59498251e-04]\n",
      " [-5.43358989e-05  4.17224598e-05  2.59498251e-04  4.54836510e-04]]\n",
      "{'factor': 1.8440637040826495, 'obs_sd': 0.09121658174628638, 'offset': array(0.10870477)}\n",
      "[[ 1.03383595e-04  4.92506096e-05  2.81736296e-05 -2.85780979e-05]\n",
      " [ 4.92506096e-05  4.44435885e-05  4.72459589e-05  2.79044404e-05]\n",
      " [ 2.81736296e-05  4.72459589e-05  8.85905184e-05  9.81951725e-05]\n",
      " [-2.85780979e-05  2.79044404e-05  9.81951725e-05  1.52974593e-04]]\n",
      "{'factor': 1.8489581006416014, 'obs_sd': 0.09026266226180364, 'offset': array(0.09810004)}\n",
      "[[1.12063844e-04 5.15816827e-05 3.31502340e-05 6.18502940e-05]\n",
      " [5.15816827e-05 5.50237463e-05 2.93992689e-05 4.41719420e-06]\n",
      " [3.31502340e-05 2.93992689e-05 3.86032207e-05 2.99204507e-05]\n",
      " [6.18502940e-05 4.41719420e-06 2.99204507e-05 8.53634876e-05]]\n",
      "{'factor': 1.8528466584341374, 'obs_sd': 0.08939235502162257, 'offset': array(0.09956048)}\n",
      "[[9.95892671e-05 4.84245353e-05 4.54321414e-05 6.30466851e-05]\n",
      " [4.84245353e-05 9.65123600e-05 4.40127308e-05 3.05143907e-06]\n",
      " [4.54321414e-05 4.40127308e-05 5.60857520e-05 3.81213500e-05]\n",
      " [6.30466851e-05 3.05143907e-06 3.81213500e-05 7.75052065e-05]]\n",
      "{'factor': 1.855403224565738, 'obs_sd': 0.08884607409282692, 'offset': array(0.10342769)}\n",
      "[[6.16318572e-05 1.46515003e-05 3.55035217e-05 5.30649895e-05]\n",
      " [1.46515003e-05 9.95780543e-05 2.98863470e-05 5.84596941e-05]\n",
      " [3.55035217e-05 2.98863470e-05 4.93346198e-05 6.09262567e-05]\n",
      " [5.30649895e-05 5.84596941e-05 6.09262567e-05 1.03017763e-04]]\n",
      "{'factor': 1.8584007543487508, 'obs_sd': 0.08817575925226517, 'offset': array(0.10394047)}\n",
      "[[6.78532365e-05 2.35142224e-05 4.14618923e-05 3.67611227e-05]\n",
      " [2.35142224e-05 7.71322046e-05 3.84163037e-05 5.83963116e-05]\n",
      " [4.14618923e-05 3.84163037e-05 5.66154948e-05 5.61024608e-05]\n",
      " [3.67611227e-05 5.83963116e-05 5.61024608e-05 8.72304823e-05]]\n",
      "{'factor': 1.8583800078766888, 'obs_sd': 0.08814872956355459, 'offset': array(0.1018671)}\n",
      "[[7.61658699e-05 3.39745849e-05 4.97783971e-05 3.09608853e-05]\n",
      " [3.39745849e-05 6.73534153e-05 4.87976446e-05 3.19827466e-05]\n",
      " [4.97783971e-05 4.87976446e-05 6.82692573e-05 5.19860611e-05]\n",
      " [3.09608853e-05 3.19827466e-05 5.19860611e-05 4.78996886e-05]]\n",
      "{'factor': 1.8601889735664672, 'obs_sd': 0.08777671188265385, 'offset': array(0.10234088)}\n",
      "[[7.34704067e-05 3.19811857e-05 4.92821578e-05 2.98201339e-05]\n",
      " [3.19811857e-05 9.20060287e-05 5.45259189e-05 4.85267233e-05]\n",
      " [4.92821578e-05 5.45259189e-05 6.39584717e-05 5.17386019e-05]\n",
      " [2.98201339e-05 4.85267233e-05 5.17386019e-05 5.24993786e-05]]\n",
      "{'factor': 1.8614956952037023, 'obs_sd': 0.08746636840018769, 'offset': array(0.10258618)}\n",
      "[[7.41443499e-05 2.81501846e-05 4.80478319e-05 3.49032196e-05]\n",
      " [2.81501846e-05 6.80816163e-05 4.57106410e-05 4.83604344e-05]\n",
      " [4.80478319e-05 4.57106410e-05 6.28012707e-05 5.73387635e-05]\n",
      " [3.49032196e-05 4.83604344e-05 5.73387635e-05 6.17184521e-05]]\n",
      "{'factor': 1.8611961808623778, 'obs_sd': 0.08753317689225829, 'offset': array(0.10252805)}\n",
      "[[7.36141916e-05 2.80968276e-05 4.79945671e-05 3.39559017e-05]\n",
      " [2.80968276e-05 6.94772446e-05 4.62258794e-05 4.79122319e-05]\n",
      " [4.79945671e-05 4.62258794e-05 6.27965322e-05 5.62072707e-05]\n",
      " [3.39559017e-05 4.79122319e-05 5.62072707e-05 5.92310539e-05]]\n",
      "{'factor': 1.860824185505544, 'obs_sd': 0.08761152254081622, 'offset': array(0.10235118)}\n",
      "[[7.37471277e-05 2.87114849e-05 4.86896517e-05 3.27087992e-05]\n",
      " [2.87114849e-05 7.32819507e-05 4.84714447e-05 4.74246662e-05]\n",
      " [4.86896517e-05 4.84714447e-05 6.29136932e-05 5.44297054e-05]\n",
      " [3.27087992e-05 4.74246662e-05 5.44297054e-05 5.46628896e-05]]\n",
      "{'factor': 1.8603064027876417, 'obs_sd': 0.08771400406967293, 'offset': array(0.10225771)}\n",
      "[[7.23914924e-05 2.77712453e-05 4.82786520e-05 3.11787596e-05]\n",
      " [2.77712453e-05 7.41678537e-05 4.90203791e-05 4.74177357e-05]\n",
      " [4.82786520e-05 4.90203791e-05 6.22809589e-05 5.27797326e-05]\n",
      " [3.11787596e-05 4.74177357e-05 5.27797326e-05 5.11121053e-05]]\n",
      "{'factor': 1.860347795920397, 'obs_sd': 0.0876910989696877, 'offset': array(0.10220814)}\n",
      "[[7.31225135e-05 2.82599298e-05 4.89382020e-05 3.17895591e-05]\n",
      " [2.82599298e-05 7.46082969e-05 4.99346600e-05 4.75634773e-05]\n",
      " [4.89382020e-05 4.99346600e-05 6.24217462e-05 5.30608121e-05]\n",
      " [3.17895591e-05 4.75634773e-05 5.30608121e-05 5.09364363e-05]]\n",
      "{'factor': 1.8602902568151989, 'obs_sd': 0.08767995750875517, 'offset': array(0.10220545)}\n",
      "[[7.30115114e-05 2.81168360e-05 4.89310923e-05 3.20128462e-05]\n",
      " [2.81168360e-05 7.37434109e-05 4.99356944e-05 4.78753771e-05]\n",
      " [4.89310923e-05 4.99356944e-05 6.20848770e-05 5.32515235e-05]\n",
      " [3.20128462e-05 4.78753771e-05 5.32515235e-05 5.11286539e-05]]\n",
      "{'factor': 1.8602072176134834, 'obs_sd': 0.08766959230970435, 'offset': array(0.10222361)}\n",
      "[[7.27667309e-05 2.79113800e-05 4.88984107e-05 3.21443823e-05]\n",
      " [2.79113800e-05 7.30523230e-05 4.96772745e-05 4.79673807e-05]\n",
      " [4.88984107e-05 4.96772745e-05 6.18784583e-05 5.33356988e-05]\n",
      " [3.21443823e-05 4.79673807e-05 5.33356988e-05 5.12966496e-05]]\n",
      "{'factor': 1.860123813838328, 'obs_sd': 0.08766499228136132, 'offset': array(0.10223056)}\n",
      "[[7.26780139e-05 2.79826134e-05 4.88456171e-05 3.21347031e-05]\n",
      " [2.79826134e-05 7.30452858e-05 4.95628051e-05 4.79486045e-05]\n",
      " [4.88456171e-05 4.95628051e-05 6.18198711e-05 5.33249426e-05]\n",
      " [3.21347031e-05 4.79486045e-05 5.33249426e-05 5.12947645e-05]]\n",
      "{'factor': 1.859911642650297, 'obs_sd': 0.08766420930978525, 'offset': array(0.10224133)}\n",
      "[[7.26229262e-05 2.81385490e-05 4.88870029e-05 3.21150848e-05]\n",
      " [2.81385490e-05 7.33365422e-05 4.94238150e-05 4.79107068e-05]\n",
      " [4.88870029e-05 4.94238150e-05 6.19524952e-05 5.33862262e-05]\n",
      " [3.21150848e-05 4.79107068e-05 5.33862262e-05 5.13272263e-05]]\n"
     ]
    },
    {
     "name": "stdout",
     "output_type": "stream",
     "text": [
      "{'factor': 1.8596891689688175, 'obs_sd': 0.08765984900326342, 'offset': array(0.10225079)}\n",
      "[[7.26536251e-05 2.83954721e-05 4.88263800e-05 3.20822040e-05]\n",
      " [2.83954721e-05 7.38262893e-05 4.93384361e-05 4.77633456e-05]\n",
      " [4.88263800e-05 4.93384361e-05 6.20585116e-05 5.33675256e-05]\n",
      " [3.20822040e-05 4.77633456e-05 5.33675256e-05 5.11587303e-05]]\n",
      "{'factor': 1.8594985775542914, 'obs_sd': 0.08766531531037618, 'offset': array(0.10224872)}\n",
      "[[7.27596615e-05 2.84454334e-05 4.89194566e-05 3.20479043e-05]\n",
      " [2.84454334e-05 7.40982865e-05 4.93632554e-05 4.78026262e-05]\n",
      " [4.89194566e-05 4.93632554e-05 6.22244484e-05 5.34550358e-05]\n",
      " [3.20479043e-05 4.78026262e-05 5.34550358e-05 5.12378609e-05]]\n",
      "{'factor': 1.8592107105656754, 'obs_sd': 0.08766759948504464, 'offset': array(0.10224824)}\n",
      "[[7.28971011e-05 2.84897880e-05 4.89664318e-05 3.20304664e-05]\n",
      " [2.84897880e-05 7.43928558e-05 4.94113135e-05 4.77897001e-05]\n",
      " [4.89664318e-05 4.94113135e-05 6.23647889e-05 5.35046706e-05]\n",
      " [3.20304664e-05 4.77897001e-05 5.35046706e-05 5.12027643e-05]]\n",
      "{'factor': 1.8586902086063755, 'obs_sd': 0.0876708663765597, 'offset': array(0.1022452)}\n",
      "[[7.30946731e-05 2.85203653e-05 4.90321614e-05 3.20078807e-05]\n",
      " [2.85203653e-05 7.47266397e-05 4.94898176e-05 4.78087179e-05]\n",
      " [4.90321614e-05 4.94898176e-05 6.25340757e-05 5.35830143e-05]\n",
      " [3.20078807e-05 4.78087179e-05 5.35830143e-05 5.12053197e-05]]\n",
      "{'factor': 1.8577142397015165, 'obs_sd': 0.08767444321272325, 'offset': array(0.10224137)}\n",
      "[[7.33836138e-05 2.85461724e-05 4.91284055e-05 3.19950290e-05]\n",
      " [2.85461724e-05 7.51719838e-05 4.96086863e-05 4.78443823e-05]\n",
      " [4.91284055e-05 4.96086863e-05 6.27733386e-05 5.36987079e-05]\n",
      " [3.19950290e-05 4.78443823e-05 5.36987079e-05 5.12097385e-05]]\n",
      "{'factor': 1.8558441421270142, 'obs_sd': 0.08767939366804277, 'offset': array(0.102235)}\n",
      "[[7.38422662e-05 2.85859003e-05 4.92865684e-05 3.19903348e-05]\n",
      " [2.85859003e-05 7.58306285e-05 4.98082465e-05 4.79295115e-05]\n",
      " [4.92865684e-05 4.98082465e-05 6.31409470e-05 5.38914912e-05]\n",
      " [3.19903348e-05 4.79295115e-05 5.38914912e-05 5.12492205e-05]]\n",
      "{'factor': 1.8522330370709197, 'obs_sd': 0.08768642457807532, 'offset': array(0.10222533)}\n",
      "[[7.45983111e-05 2.86550453e-05 4.95664448e-05 3.20165149e-05]\n",
      " [2.86550453e-05 7.68660284e-05 5.01555102e-05 4.81037308e-05]\n",
      " [4.95664448e-05 5.01555102e-05 6.37458576e-05 5.42261942e-05]\n",
      " [3.20165149e-05 4.81037308e-05 5.42261942e-05 5.13494283e-05]]\n",
      "{'factor': 1.8452454991979774, 'obs_sd': 0.0876969984006546, 'offset': array(0.10220982)}\n",
      "[[7.58867090e-05 2.87953487e-05 5.00776344e-05 3.21089317e-05]\n",
      " [2.87953487e-05 7.85640495e-05 5.07820067e-05 4.84605191e-05]\n",
      " [5.00776344e-05 5.07820067e-05 6.47769292e-05 5.48280665e-05]\n",
      " [3.21089317e-05 4.84605191e-05 5.48280665e-05 5.15912383e-05]]\n",
      "{'factor': 1.8318091950041677, 'obs_sd': 0.08771294139800115, 'offset': array(0.10218541)}\n",
      "[[7.81230887e-05 2.90812431e-05 5.10313520e-05 3.23536943e-05]\n",
      " [2.90812431e-05 8.14202335e-05 5.19311738e-05 4.91742677e-05]\n",
      " [5.10313520e-05 5.19311738e-05 6.65779269e-05 5.59277458e-05]\n",
      " [3.23536943e-05 4.91742677e-05 5.59277458e-05 5.21258153e-05]]\n",
      "{'factor': 1.8064318639802934, 'obs_sd': 0.08773661247750028, 'offset': array(0.10214721)}\n",
      "[[8.20463882e-05 2.96648376e-05 5.28212441e-05 3.29190598e-05]\n",
      " [2.96648376e-05 8.62973309e-05 5.40562255e-05 5.05852840e-05]\n",
      " [5.28212441e-05 5.40562255e-05 6.97591787e-05 5.79509330e-05]\n",
      " [3.29190598e-05 5.05852840e-05 5.79509330e-05 5.32661556e-05]]\n",
      "{'factor': 1.7598097813570124, 'obs_sd': 0.08777022717551594, 'offset': array(0.10208859)}\n",
      "[[8.90135262e-05 3.08379857e-05 5.61909628e-05 3.41356039e-05]\n",
      " [3.08379857e-05 9.47827692e-05 5.80027919e-05 5.33344986e-05]\n",
      " [5.61909628e-05 5.80027919e-05 7.54519634e-05 6.16935588e-05]\n",
      " [3.41356039e-05 5.33344986e-05 6.16935588e-05 5.56153222e-05]]\n",
      "{'factor': 1.6755792491981552, 'obs_sd': 0.08781706642198105, 'offset': array(0.10199639)}\n",
      "[[1.01986444e-04 3.31972043e-05 6.27063991e-05 3.66493236e-05]\n",
      " [3.31972043e-05 1.10450998e-04 6.55785658e-05 5.87552942e-05]\n",
      " [6.27063991e-05 6.55785658e-05 8.61390080e-05 6.88678198e-05]\n",
      " [3.66493236e-05 5.87552942e-05 6.88678198e-05 6.04490659e-05]]\n",
