{
 "cells": [
  {
   "cell_type": "code",
   "execution_count": 1,
   "metadata": {},
   "outputs": [
    {
     "name": "stderr",
     "output_type": "stream",
     "text": [
      "/Users/ingramm/miniconda3/envs/tf/lib/python3.7/site-packages/jax/lib/xla_bridge.py:116: UserWarning: No GPU/TPU found, falling back to CPU.\n",
      "  warnings.warn('No GPU/TPU found, falling back to CPU.')\n"
     ]
    }
   ],
   "source": [
    "from jax_elo.models.correlated_skills_model import fit, calculate_ratings, predict, get_player_skill_history\n",
    "\n",
    "# TODO: Get data from the repo instead\n",
    "from tdata.functional.sackmann import get_data"
   ]
  },
  {
   "cell_type": "code",
   "execution_count": 2,
   "metadata": {},
   "outputs": [],
   "source": [
    "data = get_data('/Users/ingramm/Projects/tennis/tennis-data/data/sackmann/tennis_atp/')"
   ]
  },
  {
   "cell_type": "code",
   "execution_count": 3,
   "metadata": {},
   "outputs": [],
   "source": [
    "to_use = data[data['tourney_date'].dt.year >= 2010]\n",
    "to_use = to_use.dropna(subset=['spw_winner', 'spw_loser'])"
   ]
  },
  {
   "cell_type": "code",
   "execution_count": 4,
   "metadata": {},
   "outputs": [],
   "source": [
    "margins = to_use['spw_winner'] - to_use['spw_loser']"
   ]
  },
  {
   "cell_type": "code",
   "execution_count": 5,
   "metadata": {
    "scrolled": true
   },
   "outputs": [
    {
     "name": "stdout",
     "output_type": "stream",
     "text": [
      "{'a1': 0.010000000000000002, 'a2': array(0.), 'sigma_obs': 0.1}\n",
      "[[10000.000001     0.           0.      ]\n",
      " [    0.       10000.000001     0.      ]\n",
      " [    0.           0.       10000.000001]]\n",
      "{'a1': Traced<ShapedArray(float64[])>with<JVPTrace(level=1/1)>\n",
      "  with primal = Traced<ShapedArray(float64[]):JaxprTrace(level=-1/1)>\n",
      "       tangent = Traced<ShapedArray(float64[]):JaxprTrace(level=0/1)>, 'a2': Traced<ShapedArray(float64[])>with<JVPTrace(level=1/1)>\n",
      "  with primal = Traced<ShapedArray(float64[]):JaxprTrace(level=-1/1)>\n",
      "       tangent = Traced<ShapedArray(float64[]):JaxprTrace(level=0/1)>, 'sigma_obs': Traced<ShapedArray(float64[])>with<JVPTrace(level=1/1)>\n",
      "  with primal = Traced<ShapedArray(float64[]):JaxprTrace(level=-1/1)>\n",
      "       tangent = Traced<ShapedArray(float64[]):JaxprTrace(level=0/1)>}\n",
      "Traced<ShapedArray(float64[3,3])>with<JVPTrace(level=1/1)>\n",
      "  with primal = Traced<ShapedArray(float64[3,3]):JaxprTrace(level=-1/1)>\n",
      "       tangent = Traced<ShapedArray(float64[3,3]):JaxprTrace(level=0/1)>\n",
      "{'a1': 0.8280970228542618, 'a2': array(0.0009193), 'sigma_obs': 0.09903303856982604}\n",
      "[[9.99996911e+03 1.26056900e-05 3.99171661e-05]\n",
      " [1.26056900e-05 9.99998825e+03 2.50159231e-05]\n",
      " [3.99171661e-05 2.50159231e-05 9.99994239e+03]]\n",
      "{'a1': 0.02077212175175389, 'a2': array(0.0002222), 'sigma_obs': 0.09976584651151565}\n",
      "[[9.99999253e+03 3.04690823e-06 9.64833669e-06]\n",
      " [3.04690823e-06 9.99999716e+03 6.04656836e-06]\n",
      " [9.64833669e-06 6.04656836e-06 9.99998608e+03]]\n",
      "{'a1': 0.00022882829897343418, 'a2': array(7.72513288e-05), 'sigma_obs': 0.09991856278491616}\n",
      "[[9.99999741e+03 1.05929215e-06 3.35435352e-06]\n",
      " [1.05929215e-06 9.99999901e+03 2.10215765e-06]\n",
      " [3.35435352e-06 2.10215765e-06 9.99999516e+03]]\n",
      "{'a1': 0.03351083235297872, 'a2': array(0.62396428), 'sigma_obs': 0.2750072316438073}\n",
      "[[9.99997190e+03 1.73368130e-03 3.42073372e-03]\n",
      " [1.73368130e-03 9.99999025e+03 2.50645029e-03]\n",
      " [3.42073372e-03 2.50645029e-03 9.99994448e+03]]\n",
      "{'a1': 0.00019024748061661313, 'a2': array(0.09111702), 'sigma_obs': 0.12005992012538}\n",
      "[[9.99999368e+03 2.53889797e-04 5.02030782e-04]\n",
      " [2.53889797e-04 9.99999774e+03 3.67545411e-04]\n",
      " [5.02030782e-04 3.67545411e-04 9.99998776e+03]]\n",
      "{'a1': 0.002230061932174632, 'a2': array(0.29604155), 'sigma_obs': 0.007953569952685013}\n",
      "[[9.99997097e+03 1.73858030e-03 3.44921442e-03]\n",
      " [1.73858030e-03 9.99998994e+03 2.52017768e-03]\n",
      " [3.44921442e-03 2.52017768e-03 9.99994309e+03]]\n",
      "{'a1': 0.0002836515234853007, 'a2': array(0.10980657), 'sigma_obs': 0.10434777438449694}\n",
      "[[9.99999161e+03 3.89296906e-04 7.70820550e-04]\n",
      " [3.89296906e-04 9.99999702e+03 5.63870140e-04]\n",
      " [7.70820550e-04 5.63870140e-04 9.99998369e+03]]\n",
      "{'a1': 0.00020073816628592576, 'a2': array(0.11602895), 'sigma_obs': 0.0952013477417691}\n",
      "[[9.58407202e+03 5.14641045e+00 1.02379624e+01]\n",
      " [5.14641045e+00 9.84465486e+03 7.49253245e+00]\n",
      " [1.02379624e+01 7.49253245e+00 9.22693352e+03]]\n",
      "{'a1': 8.502899360615303e-05, 'a2': array(0.10454008), 'sigma_obs': 0.08390183126337727}\n",
      "[[10093.2954016    363.83014811   752.06671035]\n",
      " [  363.83014811 10248.8614057    581.11198583]\n",
      " [  752.06671035   581.11198583  9802.26068951]]\n",
      "{'a1': 0.00012122620967137826, 'a2': array(0.10448543), 'sigma_obs': 0.08486440309539328}\n",
      "[[10178.02595383   568.93709272  1147.76595378]\n",
      " [  568.93709272 10397.44783307   904.38118236]\n",
      " [ 1147.76595378   904.38118236  9687.27622809]]\n",
      "{'a1': 0.00014427352406916834, 'a2': array(0.10106111), 'sigma_obs': 0.0834604610950764}\n",
      "[[10488.52021876  1058.64940375  2064.0116634 ]\n",
      " [ 1058.64940375 10844.86407431  1718.19865306]\n",
      " [ 2064.0116634   1718.19865306  9765.5374321 ]]\n",
      "{'a1': 0.00014762613277042124, 'a2': array(0.09840221), 'sigma_obs': 0.08275585914921865}\n",
      "[[10668.00001107  1660.34858341  3095.31591293]\n",
      " [ 1660.34858341 11394.36151076  2766.77313965]\n",
      " [ 3095.31591293  2766.77313965  9654.00977199]]\n",
      "{'a1': 0.00014380358025796106, 'a2': array(0.09689784), 'sigma_obs': 0.08191846652126548}\n",
      "[[10781.07578992  2837.04532545  4943.01090474]\n",
      " [ 2837.04532545 12585.77704279  5048.99527796]\n",
      " [ 4943.01090474  5048.99527796  9678.77116363]]\n",
      "{'a1': 0.00013463666663756228, 'a2': array(0.09773934), 'sigma_obs': 0.0826289340870725}\n",
      "[[10707.49064953  3820.39774585  6228.71911701]\n",
      " [ 3820.39774585 13722.46341666  7093.8419161 ]\n",
      " [ 6228.71911701  7093.8419161   9912.16283002]]\n",
      "{'a1': 0.0001283300529403675, 'a2': array(0.10020474), 'sigma_obs': 0.08296399025885186}\n",
      "[[10578.73621451  4387.85255182  6639.7490508 ]\n",
      " [ 4387.85255182 14398.1628383   8090.89965831]\n",
      " [ 6639.7490508   8090.89965831  9665.25275153]]\n",
      "{'a1': 0.00012676603284720358, 'a2': array(0.10078032), 'sigma_obs': 0.08370150201460658}\n",
      "[[10514.92871973  4617.09208106  6556.23351291]\n",
      " [ 4617.09208106 14626.23707213  8245.62464524]\n",
      " [ 6556.23351291  8245.62464524  9128.48174559]]\n",
      "{'a1': 0.00012822036431399308, 'a2': array(0.10126104), 'sigma_obs': 0.08378587952110854}\n",
      "[[10436.36859663  4871.54483729  6316.50506675]\n",
      " [ 4871.54483729 14837.94473934  8255.17070803]\n",
      " [ 6316.50506675  8255.17070803  8322.54326428]]\n",
      "{'a1': 0.0001314916578088313, 'a2': array(0.10076883), 'sigma_obs': 0.08375672520587253}\n",
      "[[10304.45988618  5092.00445399  5987.72917051]\n",
      " [ 5092.00445399 14961.31120058  8145.67424187]\n",
      " [ 5987.72917051  8145.67424187  7483.21240587]]\n",
      "{'a1': 0.00013406486955141856, 'a2': array(0.10014354), 'sigma_obs': 0.08344789808703174}\n",
      "[[10154.55014425  5111.44737369  5869.79618676]\n",
      " [ 5111.44737369 14878.72817221  8094.23767339]\n",
      " [ 5869.79618676  8094.23767339  7289.6559817 ]]\n",
      "{'a1': 0.00013555264143468707, 'a2': array(0.09964285), 'sigma_obs': 0.0832469472149119}\n",
      "[[ 9926.76192894  5018.47841621  5784.88635315]\n",
      " [ 5018.47841621 14628.48915054  8008.40406339]\n",
      " [ 5784.88635315  8008.40406339  7269.94542845]]\n",
      "{'a1': 0.00013700259481507718, 'a2': array(0.0993274), 'sigma_obs': 0.08312788805499824}\n",
      "[[ 9549.22516921  4863.22497149  5655.94501601]\n",
      " [ 4863.22497149 14208.60937818  7873.32021733]\n",
      " [ 5655.94501601  7873.32021733  7229.16020025]]\n",
      "{'a1': 0.00013903833683212818, 'a2': array(0.09912852), 'sigma_obs': 0.08309404836298234}\n",
      "[[ 8859.32960194  4586.53096831  5424.74473895]\n",
      " [ 4586.53096831 13413.39157908  7629.10448337]\n",
      " [ 5424.74473895  7629.10448337  7123.48732796]]\n",
      "{'a1': 0.00014030170389351244, 'a2': array(0.09928695), 'sigma_obs': 0.08321351869365862}\n",
      "[[ 8285.33157167  4353.19141414  5236.81288376]\n",
      " [ 4353.19141414 12659.93763893  7408.90279231]\n",
      " [ 5236.81288376  7408.90279231  7002.83009137]]\n",
      "{'a1': 0.0001402125406605847, 'a2': array(0.09956368), 'sigma_obs': 0.08335010212195613}\n",
      "[[ 8182.31794315  4299.45216091  5212.9593167 ]\n",
      " [ 4299.45216091 12368.12606495  7336.66566791]\n",
      " [ 5212.9593167   7336.66566791  6950.3122447 ]]\n",
      "{'a1': 0.00013983865807541465, 'a2': array(0.09978888), 'sigma_obs': 0.08345432529582147}\n",
      "[[ 8238.15985754  4294.16608242  5248.19664529]\n",
      " [ 4294.16608242 12138.09446056  7291.95694567]\n",
      " [ 5248.19664529  7291.95694567  6921.030459  ]]\n",
      "{'a1': 0.00013961310561974363, 'a2': array(0.09991037), 'sigma_obs': 0.08351250129788114}\n",
      "[[ 8347.15229038  4287.20623914  5305.60844336]\n",
      " [ 4287.20623914 11790.28388283  7221.85640357]\n",
      " [ 5305.60844336  7221.85640357  6895.30794941]]\n",
      "{'a1': 0.00013968993483769052, 'a2': array(0.09989395), 'sigma_obs': 0.08351100217886397}\n",
      "[[ 8517.36313794  4265.2040438   5387.29409898]\n",
      " [ 4265.2040438  11205.74585133  7095.8667752 ]\n",
      " [ 5387.29409898  7095.8667752   6866.15711807]]\n",
      "{'a1': 0.00014003570675610722, 'a2': array(0.09973287), 'sigma_obs': 0.0834409999343537}\n",
      "[[ 8615.18020846  4250.1034792   5423.64027903]\n",
      " [ 4250.1034792  10865.90707306  7022.95899652]\n",
      " [ 5423.64027903  7022.95899652  6859.25802483]]\n",
      "{'a1': 0.0001402736590312591, 'a2': array(0.09961305), 'sigma_obs': 0.0833869865810363}\n",
      "[[ 8629.99742711  4247.13078906  5417.66481453]\n",
      " [ 4247.13078906 10804.95227073  7015.12231227]\n",
      " [ 5417.66481453  7015.12231227  6866.40214966]]\n",
      "{'a1': 0.0001403586056689448, 'a2': array(0.09957383), 'sigma_obs': 0.08336927641920609}\n",
      "[[ 8620.95043697  4246.29857977  5402.70882335]\n",
      " [ 4246.29857977 10808.93103025  7022.60516675]\n",
      " [ 5402.70882335  7022.60516675  6873.81885875]]\n",
      "{'a1': 0.00014038442943063988, 'a2': array(0.09956336), 'sigma_obs': 0.08336432151102321}\n",
      "[[ 8612.97149281  4247.12662098  5383.99048526]\n",
      " [ 4247.12662098 10807.1807081   7034.59407384]\n",
      " [ 5383.99048526  7034.59407384  6882.91012543]]\n"
     ]
    },
    {
     "name": "stdout",
     "output_type": "stream",
     "text": [
      "{'a1': 0.00014033072507974598, 'a2': array(0.09958352), 'sigma_obs': 0.08337276145326164}\n",
      "[[ 8615.94221147  4250.54541002  5372.78192733]\n",
      " [ 4250.54541002 10792.25889759  7045.63274325]\n",
      " [ 5372.78192733  7045.63274325  6890.03695133]]\n",
      "{'a1': 0.00014026552909881737, 'a2': array(0.09960555), 'sigma_obs': 0.0833821125186074}\n",
      "[[ 8623.74729547  4253.32715963  5373.00526566]\n",
      " [ 4253.32715963 10779.27592     7049.64421628]\n",
      " [ 5373.00526566  7049.64421628  6891.86418617]]\n",
      "{'a1': 0.0001402437568732242, 'a2': array(0.09961194), 'sigma_obs': 0.08338481515853585}\n",
      "[[ 8626.92281368  4253.84687625  5375.0336087 ]\n",
      " [ 4253.84687625 10775.82052084  7049.87284423]\n",
      " [ 5375.0336087   7049.87284423  6891.55547721]]\n",
      "{'a1': 0.00014023910711766067, 'a2': array(0.09961298), 'sigma_obs': 0.08338524194527162}\n",
      "[[ 8627.64158664  4253.5581219   5375.6919927 ]\n",
      " [ 4253.5581219  10775.29115057  7049.85147169]\n",
      " [ 5375.6919927   7049.85147169  6891.3135702 ]]\n",
      "{'a1': 0.0001402349656241624, 'a2': array(0.09961377), 'sigma_obs': 0.08338555951908144}\n",
      "[[ 8628.28793588  4252.60189925  5376.2165632 ]\n",
      " [ 4252.60189925 10774.93294158  7049.91378155]\n",
      " [ 5376.2165632   7049.91378155  6890.9677329 ]]\n",
      "{'a1': 0.00014023203811212094, 'a2': array(0.09961424), 'sigma_obs': 0.0833857524560704}\n",
      "[[ 8628.81163294  4250.39383894  5376.38474436]\n",
      " [ 4250.39383894 10774.8104861   7050.11068285]\n",
      " [ 5376.38474436  7050.11068285  6890.43748454]]\n",
      "{'a1': 0.00014023397995344337, 'a2': array(0.09961374), 'sigma_obs': 0.08338556844129227}\n",
      "[[ 8628.79382193  4245.97437496  5375.52274005]\n",
      " [ 4245.97437496 10775.31934447  7050.51597378]\n",
      " [ 5375.52274005  7050.51597378  6889.66646536]]\n",
      "{'a1': 0.00014024007152980205, 'a2': array(0.09961259), 'sigma_obs': 0.08338512770998224}\n",
      "[[ 8628.09580965  4244.11797856  5374.36469392]\n",
      " [ 4244.11797856 10776.01616687  7050.66628443]\n",
      " [ 5374.36469392  7050.66628443  6889.52157047]]\n",
      "{'a1': 0.00014024564766129715, 'a2': array(0.09961161), 'sigma_obs': 0.08338474836772747}\n",
      "[[ 8627.41152334  4243.57163207  5373.46511552]\n",
      " [ 4243.57163207 10776.55307332  7050.68349075]\n",
      " [ 5373.46511552  7050.68349075  6889.60270387]]\n",
      "{'a1': 0.00014024647284762045, 'a2': array(0.09961149), 'sigma_obs': 0.08338470054349503}\n",
      "[[ 8627.30666091  4243.7138739   5373.3659886 ]\n",
      " [ 4243.7138739  10776.6069406   7050.65734263]\n",
      " [ 5373.3659886   7050.65734263  6889.65337837]]\n",
      "{'a1': 0.00014024650474706623, 'a2': array(0.09961149), 'sigma_obs': 0.08338470142656931}\n",
      "[[ 8627.30407725  4243.75751591  5373.36940847]\n",
      " [ 4243.75751591 10776.60261833  7050.64992708]\n",
      " [ 5373.36940847  7050.64992708  6889.66114789]]\n",
      "{'a1': 0.00014024650197886729, 'a2': array(0.09961149), 'sigma_obs': 0.0833847021819519}\n",
      "[[ 8627.30515561  4243.75956228  5373.37057274]\n",
      " [ 4243.75956228 10776.60139014  7050.64900769]\n",
      " [ 5373.37057274  7050.64900769  6889.66102253]]\n",
      "{'a1': 0.0001402465027687641, 'a2': array(0.09961149), 'sigma_obs': 0.08338470228795589}\n",
      "[[ 8627.30531313  4243.7595162   5373.37062124]\n",
      " [ 4243.7595162  10776.60123434  7050.64881994]\n",
      " [ 5373.37062124  7050.64881994  6889.66094134]]\n"
     ]
    }
   ],
   "source": [
    "params, opt_info = fit(to_use['winner_name'], to_use['loser_name'], to_use['surface'].values, \n",
    "                       margins=margins.values, verbose=True)"
   ]
  },
  {
   "cell_type": "code",
   "execution_count": 6,
   "metadata": {},
   "outputs": [
    {
     "data": {
      "text/plain": [
       "EloParams(theta={'a1': 0.0001402465027687641, 'a2': array(0.09961149), 'sigma_obs': 0.08338470228795589}, cov_mat=DeviceArray([[ 8627.30531313,  4243.7595162 ,  5373.37062124],\n",
       "             [ 4243.7595162 , 10776.60123434,  7050.64881994],\n",
       "             [ 5373.37062124,  7050.64881994,  6889.66094134]],            dtype=float64))"
      ]
     },
     "execution_count": 6,
     "metadata": {},
     "output_type": "execute_result"
    }
   ],
   "source": [
    "params"
   ]
  },
  {
   "cell_type": "code",
   "execution_count": 7,
   "metadata": {},
   "outputs": [
    {
     "data": {
      "text/plain": [
       "0.0001402465027687641"
      ]
     },
     "execution_count": 7,
     "metadata": {},
     "output_type": "execute_result"
    }
   ],
   "source": [
    "params.theta['a1']"
   ]
  },
  {
   "cell_type": "code",
   "execution_count": 8,
   "metadata": {
    "scrolled": true
   },
   "outputs": [
    {
     "name": "stderr",
     "output_type": "stream",
     "text": [
      "  0%|          | 0/26149 [00:00<?, ?it/s]\n",
      "  0%|          | 0/26149 [00:00<?, ?it/s]\u001b[A\n",
      "  0%|          | 1/26149 [00:00<4:53:17,  1.49it/s]\u001b[A\n",
      "  0%|          | 50/26149 [00:00<3:25:10,  2.12it/s]\u001b[A\n",
      "  0%|          | 126/26149 [00:00<2:23:23,  3.02it/s]\u001b[A\n",
      "  1%|          | 215/26149 [00:00<1:40:10,  4.31it/s]\u001b[A\n",
      "  1%|          | 303/26149 [00:01<1:10:01,  6.15it/s]\u001b[A\n",
      "  2%|▏         | 403/26149 [00:01<48:57,  8.76it/s]  \u001b[A\n",
      "  2%|▏         | 504/26149 [00:01<34:15, 12.47it/s]\u001b[A\n",
      "  2%|▏         | 600/26149 [00:01<24:01, 17.72it/s]\u001b[A\n",
      "  3%|▎         | 710/26149 [00:01<16:52, 25.13it/s]\u001b[A\n",
      "  3%|▎         | 802/26149 [00:01<11:54, 35.48it/s]\u001b[A\n",
      "  4%|▍         | 1002/26149 [00:01<06:01, 69.52it/s][A\n",
      "  4%|▍         | 1098/26149 [00:01<04:20, 96.31it/s]\u001b[A\n",
      "  5%|▍         | 1198/26149 [00:02<03:08, 132.08it/s][A\n",
      "  5%|▍         | 1292/26149 [00:02<02:21, 175.37it/s]\u001b[A\n",
      "  5%|▌         | 1381/26149 [00:02<01:50, 224.78it/s]\u001b[A\n",
      "  6%|▌         | 1463/26149 [00:02<01:26, 285.25it/s]\u001b[A\n",
      "  6%|▌         | 1571/26149 [00:02<01:07, 365.75it/s]\u001b[A\n",
      "  6%|▋         | 1660/26149 [00:02<00:57, 424.63it/s]\u001b[A\n",
      "  6%|▋         | 1661/26149 [00:02<00:57, 425.11it/s]\u001b[A\n",
      "  7%|▋         | 1743/26149 [00:02<00:52, 460.54it/s]\u001b[A\n",
      "  7%|▋         | 1818/26149 [00:02<00:46, 518.23it/s]\u001b[A\n",
      "  7%|▋         | 1926/26149 [00:02<00:39, 609.57it/s]\u001b[A\n",
      "  8%|▊         | 2044/26149 [00:03<00:33, 712.36it/s]\u001b[A\n",
      "  8%|▊         | 2155/26149 [00:03<00:30, 796.36it/s]\u001b[A\n",
      "  9%|▊         | 2263/26149 [00:03<00:27, 862.04it/s]\u001b[A\n",
      "  9%|▉         | 2364/26149 [00:03<00:28, 822.50it/s]\u001b[A\n",
      "  9%|▉         | 2457/26149 [00:03<00:29, 812.20it/s]\u001b[A\n",
      " 10%|▉         | 2546/26149 [00:03<00:28, 815.25it/s]\u001b[A\n",
      " 10%|█         | 2633/26149 [00:03<00:28, 829.47it/s]\u001b[A\n",
      " 10%|█         | 2745/26149 [00:03<00:26, 898.57it/s]\u001b[A\n",
      " 11%|█         | 2865/26149 [00:03<00:24, 967.51it/s]\u001b[A\n",
      " 11%|█▏        | 2975/26149 [00:04<00:23, 1001.81it/s]\u001b[A\n",
      " 12%|█▏        | 3079/26149 [00:04<00:22, 1010.77it/s]\u001b[A\n",
      " 12%|█▏        | 3187/26149 [00:04<00:22, 1030.14it/s]\u001b[A\n",
      " 13%|█▎        | 3305/26149 [00:04<00:21, 1068.61it/s]\u001b[A\n",
      " 13%|█▎        | 3422/26149 [00:04<00:20, 1097.02it/s]\u001b[A\n",
      " 14%|█▎        | 3534/26149 [00:04<00:21, 1072.16it/s]\u001b[A\n",
      " 14%|█▍        | 3643/26149 [00:04<00:21, 1058.30it/s]\u001b[A\n",
      " 14%|█▍        | 3750/26149 [00:04<00:22, 995.09it/s] \u001b[A\n",
      " 15%|█▍        | 3854/26149 [00:04<00:22, 1005.15it/s]\u001b[A\n",
      " 15%|█▌        | 3970/26149 [00:04<00:21, 1046.28it/s]\u001b[A\n",
      " 16%|█▌        | 4076/26149 [00:05<00:21, 1020.62it/s]\u001b[A\n",
      " 16%|█▌        | 4179/26149 [00:05<00:24, 911.65it/s] \u001b[A\n",
      " 16%|█▋        | 4273/26149 [00:05<00:25, 859.72it/s]\u001b[A\n",
      " 17%|█▋        | 4362/26149 [00:05<00:26, 827.10it/s]\u001b[A\n",
      " 17%|█▋        | 4459/26149 [00:05<00:25, 861.81it/s]\u001b[A\n",
      " 17%|█▋        | 4569/26149 [00:05<00:23, 918.03it/s]\u001b[A\n",
      " 18%|█▊        | 4664/26149 [00:05<00:24, 870.13it/s]\u001b[A\n",
      " 18%|█▊        | 4754/26149 [00:05<00:25, 848.93it/s]\u001b[A\n",
      " 19%|█▊        | 4841/26149 [00:06<00:25, 820.33it/s]\u001b[A\n",
      " 19%|█▉        | 4925/26149 [00:06<00:26, 806.95it/s]\u001b[A\n",
      " 19%|█▉        | 5007/26149 [00:06<00:26, 785.39it/s]\u001b[A\n",
      " 19%|█▉        | 5087/26149 [00:06<00:26, 781.06it/s]\u001b[A\n",
      " 20%|█▉        | 5188/26149 [00:06<00:25, 837.86it/s]\u001b[A\n",
      " 20%|██        | 5287/26149 [00:06<00:23, 876.79it/s]\u001b[A\n",
      " 21%|██        | 5387/26149 [00:06<00:22, 908.47it/s]\u001b[A\n",
      " 21%|██        | 5480/26149 [00:06<00:23, 877.77it/s]\u001b[A\n",
      " 21%|██▏       | 5602/26149 [00:06<00:21, 955.76it/s]\u001b[A\n",
      " 22%|██▏       | 5712/26149 [00:06<00:20, 994.24it/s]\u001b[A\n",
      " 22%|██▏       | 5828/26149 [00:07<00:19, 1037.09it/s]\u001b[A\n",
      " 23%|██▎       | 5944/26149 [00:07<00:18, 1066.10it/s]\u001b[A\n",
      " 23%|██▎       | 6062/26149 [00:07<00:18, 1093.76it/s]\u001b[A\n",
      " 24%|██▎       | 6176/26149 [00:07<00:18, 1106.89it/s]\u001b[A\n",
      " 24%|██▍       | 6288/26149 [00:07<00:19, 996.61it/s] \u001b[A\n",
      " 24%|██▍       | 6393/26149 [00:07<00:19, 1011.96it/s]\u001b[A\n",
      " 25%|██▍       | 6510/26149 [00:07<00:19, 1005.65it/s]\u001b[A\n",
      " 25%|██▌       | 6619/26149 [00:07<00:18, 1028.30it/s]\u001b[A\n",
      " 26%|██▌       | 6739/26149 [00:07<00:18, 1072.87it/s]\u001b[A\n",
      " 26%|██▌       | 6854/26149 [00:08<00:17, 1093.12it/s]\u001b[A\n",
      " 27%|██▋       | 6971/26149 [00:08<00:17, 1114.89it/s]\u001b[A\n",
      " 27%|██▋       | 7084/26149 [00:08<00:17, 1098.63it/s]\u001b[A\n",
      " 28%|██▊       | 7195/26149 [00:08<00:19, 986.32it/s] \u001b[A\n",
      " 28%|██▊       | 7309/26149 [00:08<00:18, 1026.11it/s]\u001b[A\n",
      " 28%|██▊       | 7414/26149 [00:08<00:19, 970.25it/s] \u001b[A\n",
      " 29%|██▊       | 7514/26149 [00:08<00:22, 846.45it/s]\u001b[A\n",
      " 29%|██▉       | 7623/26149 [00:08<00:20, 906.53it/s]\u001b[A\n",
      " 30%|██▉       | 7718/26149 [00:08<00:20, 882.53it/s]\u001b[A\n",
      " 30%|██▉       | 7823/26149 [00:09<00:19, 925.49it/s]\u001b[A\n",
      " 30%|███       | 7919/26149 [00:09<00:20, 902.54it/s]\u001b[A\n",
      " 31%|███       | 8012/26149 [00:09<00:20, 880.24it/s]\u001b[A\n",
      " 31%|███       | 8102/26149 [00:09<00:22, 818.48it/s]\u001b[A\n",
      " 31%|███▏      | 8186/26149 [00:09<00:22, 790.74it/s]\u001b[A\n",
      " 32%|███▏      | 8267/26149 [00:09<00:22, 778.21it/s]\u001b[A\n",
      " 32%|███▏      | 8346/26149 [00:09<00:24, 731.06it/s]\u001b[A\n",
      " 32%|███▏      | 8459/26149 [00:09<00:21, 816.89it/s]\u001b[A\n",
      " 33%|███▎      | 8567/26149 [00:09<00:19, 880.60it/s]\u001b[A\n",
      " 33%|███▎      | 8683/26149 [00:10<00:18, 949.01it/s]\u001b[A\n",
      " 34%|███▎      | 8793/26149 [00:10<00:17, 989.04it/s]\u001b[A\n",
      " 34%|███▍      | 8904/26149 [00:10<00:16, 1022.12it/s]\u001b[A\n",
      " 34%|███▍      | 9010/26149 [00:10<00:16, 1029.09it/s]\u001b[A\n",
      " 35%|███▍      | 9127/26149 [00:10<00:15, 1066.14it/s]\u001b[A\n",
      " 35%|███▌      | 9236/26149 [00:10<00:16, 1043.89it/s]\u001b[A\n",
      " 36%|███▌      | 9348/26149 [00:10<00:15, 1065.15it/s]\u001b[A\n",
      " 36%|███▌      | 9456/26149 [00:10<00:16, 997.10it/s] \u001b[A\n",
      " 37%|███▋      | 9559/26149 [00:10<00:16, 1006.52it/s]\u001b[A\n",
      " 37%|███▋      | 9672/26149 [00:10<00:15, 1038.95it/s]\u001b[A\n",
      " 37%|███▋      | 9788/26149 [00:11<00:15, 1071.45it/s]\u001b[A\n",
      " 38%|███▊      | 9897/26149 [00:11<00:15, 1073.26it/s]\u001b[A\n",
      " 38%|███▊      | 10007/26149 [00:11<00:14, 1078.73it/s][A\n",
      " 39%|███▊      | 10116/26149 [00:11<00:15, 1065.71it/s]\u001b[A\n",
      " 39%|███▉      | 10223/26149 [00:11<00:14, 1064.82it/s]\u001b[A\n",
      " 40%|███▉      | 10330/26149 [00:11<00:15, 1036.51it/s]\u001b[A\n",
      " 40%|███▉      | 10435/26149 [00:11<00:15, 998.40it/s] \u001b[A\n",
      " 40%|████      | 10536/26149 [00:11<00:15, 979.25it/s] \u001b[A\n",
      " 41%|████      | 10643/26149 [00:11<00:15, 1004.14it/s]\u001b[A\n",
      " 41%|████      | 10750/26149 [00:12<00:15, 1022.77it/s]\u001b[A\n",
      " 42%|████▏     | 10853/26149 [00:12<00:15, 1019.68it/s]\u001b[A\n",
      " 42%|████▏     | 10960/26149 [00:12<00:14, 1032.98it/s]\u001b[A\n",
      " 42%|████▏     | 11065/26149 [00:12<00:14, 1037.55it/s]\u001b[A\n",
      " 43%|████▎     | 11169/26149 [00:12<00:15, 960.48it/s] \u001b[A\n",
      " 43%|████▎     | 11267/26149 [00:12<00:15, 932.92it/s]\u001b[A\n",
      " 44%|████▎     | 11376/26149 [00:12<00:15, 974.61it/s]\u001b[A\n",
      " 44%|████▍     | 11475/26149 [00:12<00:15, 939.39it/s]\u001b[A\n",
      " 44%|████▍     | 11585/26149 [00:12<00:14, 982.03it/s]\u001b[A\n",
      " 45%|████▍     | 11698/26149 [00:12<00:14, 1021.88it/s]\u001b[A\n",
      " 45%|████▌     | 11817/26149 [00:13<00:13, 1066.67it/s]\u001b[A\n",
      " 46%|████▌     | 11926/26149 [00:13<00:13, 1024.11it/s]\u001b[A\n",
      " 46%|████▌     | 12032/26149 [00:13<00:13, 1034.02it/s]\u001b[A\n",
      " 46%|████▋     | 12137/26149 [00:13<00:14, 994.83it/s] \u001b[A\n",
      " 47%|████▋     | 12238/26149 [00:13<00:15, 902.65it/s]\u001b[A\n",
      " 47%|████▋     | 12331/26149 [00:13<00:16, 844.47it/s]\u001b[A\n",
      " 47%|████▋     | 12418/26149 [00:13<00:18, 751.89it/s]\u001b[A\n",
      " 48%|████▊     | 12514/26149 [00:13<00:17, 801.51it/s]\u001b[A\n",
      " 48%|████▊     | 12610/26149 [00:14<00:16, 840.64it/s]\u001b[A\n",
      " 49%|████▊     | 12697/26149 [00:14<00:16, 820.02it/s]\u001b[A\n",
      " 49%|████▉     | 12782/26149 [00:14<00:17, 782.01it/s]\u001b[A\n",
      " 49%|████▉     | 12863/26149 [00:14<00:17, 765.74it/s]\u001b[A\n",
      " 49%|████▉     | 12941/26149 [00:14<00:17, 760.50it/s]\u001b[A\n",
      " 50%|████▉     | 13039/26149 [00:14<00:16, 814.63it/s]\u001b[A\n",
      " 50%|█████     | 13138/26149 [00:14<00:15, 858.21it/s]\u001b[A\n",
      " 51%|█████     | 13226/26149 [00:14<00:16, 779.97it/s]\u001b[A\n",
      " 51%|█████     | 13307/26149 [00:14<00:16, 776.15it/s]\u001b[A\n",
      " 51%|█████     | 13387/26149 [00:15<00:16, 765.41it/s]\u001b[A\n",
      " 51%|█████▏    | 13465/26149 [00:15<00:16, 769.43it/s]\u001b[A\n",
      " 52%|█████▏    | 13566/26149 [00:15<00:15, 827.37it/s]\u001b[A\n",
      " 52%|█████▏    | 13656/26149 [00:15<00:14, 847.69it/s]\u001b[A\n",
      " 53%|█████▎    | 13760/26149 [00:15<00:13, 893.14it/s]\u001b[A\n",
      " 53%|█████▎    | 13861/26149 [00:15<00:13, 924.16it/s]\u001b[A\n",
      " 53%|█████▎    | 13966/26149 [00:15<00:12, 958.51it/s]\u001b[A\n",
      " 54%|█████▍    | 14064/26149 [00:15<00:12, 937.97it/s]\u001b[A\n"
     ]
    },
    {
     "name": "stderr",
     "output_type": "stream",
     "text": [
      " 54%|█████▍    | 14176/26149 [00:15<00:12, 984.47it/s]\u001b[A\n",
      " 55%|█████▍    | 14276/26149 [00:15<00:12, 927.05it/s]\u001b[A\n",
      " 55%|█████▌    | 14386/26149 [00:16<00:12, 971.75it/s]\u001b[A\n",
      " 55%|█████▌    | 14485/26149 [00:16<00:12, 971.51it/s]\u001b[A\n",
      " 56%|█████▌    | 14584/26149 [00:16<00:11, 964.82it/s]\u001b[A\n",
      " 56%|█████▌    | 14693/26149 [00:16<00:11, 998.66it/s]]\u001b[A\n",
      " 57%|█████▋    | 14794/26149 [00:16<00:11, 980.90it/s] \u001b[A\n",
      " 57%|█████▋    | 14893/26149 [00:16<00:12, 904.00it/s]\u001b[A\n",
      " 57%|█████▋    | 14986/26149 [00:16<00:13, 836.34it/s]\u001b[A\n",
      " 58%|█████▊    | 15092/26149 [00:16<00:12, 892.64it/s]\u001b[A\n",
      " 58%|█████▊    | 15184/26149 [00:16<00:12, 878.48it/s]\u001b[A\n",
      " 58%|█████▊    | 15274/26149 [00:17<00:12, 864.81it/s]\u001b[A\n",
      " 59%|█████▉    | 15365/26149 [00:17<00:12, 877.60it/s]\u001b[A\n",
      " 59%|█████▉    | 15462/26149 [00:17<00:11, 901.78it/s]\u001b[A\n",
      " 60%|█████▉    | 15574/26149 [00:17<00:11, 957.49it/s]\u001b[A\n",
      " 60%|█████▉    | 15684/26149 [00:17<00:10, 994.32it/s]\u001b[A\n",
      " 60%|██████    | 15785/26149 [00:17<00:10, 991.71it/s]\u001b[A\n",
      " 61%|██████    | 15886/26149 [00:17<00:10, 984.19it/s]\u001b[A\n",
      " 61%|██████    | 15986/26149 [00:17<00:11, 889.27it/s]\u001b[A\n",
      " 61%|██████▏   | 16078/26149 [00:17<00:11, 894.17it/s]\u001b[A\n",
      " 62%|██████▏   | 16180/26149 [00:18<00:10, 927.94it/s]\u001b[A\n",
      " 62%|██████▏   | 16275/26149 [00:18<00:10, 913.02it/s]\u001b[A\n",
      " 63%|██████▎   | 16376/26149 [00:18<00:10, 939.37it/s]\u001b[A\n",
      " 63%|██████▎   | 16471/26149 [00:18<00:10, 930.21it/s]\u001b[A\n",
      " 63%|██████▎   | 16571/26149 [00:18<00:10, 949.94it/s]\u001b[A\n",
      " 64%|██████▎   | 16667/26149 [00:18<00:09, 951.64it/s]\u001b[A\n",
      " 64%|██████▍   | 16763/26149 [00:18<00:09, 953.36it/s]\u001b[A\n",
      " 65%|██████▍   | 16954/26149 [00:18<00:09, 930.45it/s]\u001b[A\n",
      " 65%|██████▌   | 17048/26149 [00:18<00:10, 881.03it/s]\u001b[A\n",
      " 66%|██████▌   | 17137/26149 [00:19<00:11, 755.53it/s]\u001b[A\n",
      " 66%|██████▌   | 17223/26149 [00:19<00:11, 783.03it/s]\u001b[A\n",
      " 66%|██████▋   | 17331/26149 [00:19<00:10, 852.97it/s]\u001b[A\n",
      " 67%|██████▋   | 17445/26149 [00:19<00:09, 921.52it/s]\u001b[A\n",
      " 67%|██████▋   | 17556/26149 [00:19<00:08, 969.14it/s]\u001b[A\n",
      " 68%|██████▊   | 17657/26149 [00:19<00:08, 976.57it/s]\u001b[A\n",
      " 68%|██████▊   | 17659/26149 [00:19<00:08, 971.46it/s]\u001b[A\n",
      " 68%|██████▊   | 17759/26149 [00:19<00:08, 954.12it/s]\u001b[A\n",
      " 68%|██████▊   | 17870/26149 [00:19<00:08, 994.31it/s]]\u001b[A\n",
      " 69%|██████▉   | 17987/26149 [00:19<00:07, 1037.19it/s]\u001b[A\n",
      " 69%|██████▉   | 18099/26149 [00:20<00:07, 1059.84it/s]\u001b[A\n",
      " 70%|███████   | 18319/26149 [00:20<00:07, 1077.81it/s]\u001b[A\n",
      " 70%|███████   | 18430/26149 [00:20<00:07, 1085.63it/s]\u001b[A\n",
      " 71%|███████   | 18541/26149 [00:20<00:06, 1091.43it/s]\u001b[A\n",
      " 71%|███████▏  | 18651/26149 [00:20<00:07, 1060.57it/s]\u001b[A\n",
      " 72%|███████▏  | 18758/26149 [00:20<00:07, 1053.64it/s]\u001b[A\n",
      " 72%|███████▏  | 18864/26149 [00:20<00:07, 983.13it/s] \u001b[A\n",
      " 73%|███████▎  | 18979/26149 [00:20<00:06, 1027.38it/s]\u001b[A\n",
      " 73%|███████▎  | 19084/26149 [00:20<00:06, 1015.58it/s]\u001b[A\n",
      " 73%|███████▎  | 19187/26149 [00:21<00:07, 932.88it/s] \u001b[A\n",
      " 74%|███████▎  | 19283/26149 [00:21<00:11, 593.41it/s] \u001b[A\n",
      " 74%|███████▍  | 19360/26149 [00:21<00:10, 637.09it/s]\u001b[A\n",
      " 74%|███████▍  | 19458/26149 [00:21<00:09, 711.19it/s]\u001b[A\n",
      " 75%|███████▍  | 19561/26149 [00:21<00:08, 781.79it/s]\u001b[A\n",
      " 75%|███████▌  | 19650/26149 [00:21<00:08, 800.35it/s]\u001b[A\n",
      " 76%|███████▌  | 19763/26149 [00:21<00:07, 876.47it/s]\u001b[A\n",
      " 76%|███████▌  | 19870/26149 [00:22<00:06, 924.92it/s]\u001b[A\n",
      " 76%|███████▋  | 19969/26149 [00:22<00:06, 902.53it/s]\u001b[A\n",
      " 77%|███████▋  | 20072/26149 [00:22<00:06, 936.72it/s]\u001b[A\n",
      " 77%|███████▋  | 20184/26149 [00:22<00:06, 983.75it/s]\u001b[A\n",
      " 78%|███████▊  | 20295/26149 [00:22<00:05, 1018.23it/s][A\n",
      " 78%|███████▊  | 20401/26149 [00:22<00:05, 1029.39it/s]\u001b[A\n",
      " 78%|███████▊  | 20508/26149 [00:22<00:05, 1039.75it/s]\u001b[A\n",
      " 79%|███████▉  | 20614/26149 [00:22<00:05, 985.04it/s] \u001b[A\n",
      " 79%|███████▉  | 20714/26149 [00:22<00:05, 916.24it/s] \u001b[A\n",
      " 80%|███████▉  | 20820/26149 [00:22<00:05, 954.68it/s]\u001b[A\n",
      " 80%|███████▉  | 20918/26149 [00:23<00:05, 936.45it/s]\u001b[A\n",
      " 80%|████████  | 21013/26149 [00:23<00:05, 858.11it/s]\u001b[A\n",
      " 81%|████████  | 21102/26149 [00:23<00:06, 786.51it/s]\u001b[A\n",
      " 81%|████████  | 21184/26149 [00:23<00:06, 771.43it/s]\u001b[A\n",
      " 81%|████████▏ | 21264/26149 [00:23<00:06, 747.87it/s]\u001b[A\n",
      " 82%|████████▏ | 21357/26149 [00:23<00:06, 794.30it/s]\u001b[A\n",
      " 82%|████████▏ | 21439/26149 [00:23<00:05, 792.43it/s]\u001b[A\n",
      " 82%|████████▏ | 21548/26149 [00:23<00:05, 862.21it/s]\u001b[A\n",
      " 83%|████████▎ | 21658/26149 [00:23<00:04, 919.98it/s]\u001b[A\n",
      " 83%|████████▎ | 21778/26149 [00:24<00:04, 987.71it/s]\u001b[A\n",
      " 84%|████████▎ | 21892/26149 [00:24<00:04, 1027.05it/s][A\n",
      " 84%|████████▍ | 21999/26149 [00:24<00:03, 1039.06it/s]\u001b[A\n",
      " 85%|████████▍ | 22105/26149 [00:24<00:03, 1042.38it/s]\u001b[A\n",
      " 85%|████████▍ | 22211/26149 [00:24<00:03, 1035.39it/s]\u001b[A\n",
      " 85%|████████▌ | 22316/26149 [00:24<00:03, 1031.83it/s]\u001b[A\n",
      " 86%|████████▌ | 22424/26149 [00:24<00:03, 1037.93it/s]\u001b[A\n",
      " 86%|████████▌ | 22425/26149 [00:24<00:03, 1009.06it/s]\u001b[A\n",
      " 86%|████████▌ | 22529/26149 [00:24<00:03, 970.57it/s] \u001b[A\n",
      " 87%|████████▋ | 22646/26149 [00:24<00:03, 1019.14it/s]\u001b[A\n",
      " 87%|████████▋ | 22760/26149 [00:25<00:03, 1050.88it/s]\u001b[A\n",
      " 87%|████████▋ | 22873/26149 [00:25<00:03, 1072.43it/s]\u001b[A\n",
      " 88%|████████▊ | 22983/26149 [00:25<00:02, 1079.27it/s]\u001b[A\n",
      " 88%|████████▊ | 23095/26149 [00:25<00:02, 1090.67it/s]\u001b[A\n",
      " 89%|████████▊ | 23205/26149 [00:25<00:02, 1076.20it/s]\u001b[A\n",
      " 89%|████████▉ | 23314/26149 [00:25<00:02, 1018.93it/s]\u001b[A\n",
      " 90%|████████▉ | 23515/26149 [00:25<00:02, 928.17it/s] \u001b[A\n",
      " 90%|█████████ | 23629/26149 [00:25<00:02, 981.91it/s]\u001b[A\n",
      " 90%|█████████ | 23630/26149 [00:25<00:02, 969.32it/s]\u001b[A\n",
      " 91%|█████████ | 23729/26149 [00:26<00:02, 927.79it/s]\u001b[A\n",
      " 91%|█████████ | 23849/26149 [00:26<00:02, 989.63it/s]\u001b[A\n",
      " 92%|█████████▏| 23957/26149 [00:26<00:02, 1013.74it/s]\u001b[A\n",
      " 92%|█████████▏| 24072/26149 [00:26<00:01, 1050.70it/s]\u001b[A\n",
      " 92%|█████████▏| 24179/26149 [00:26<00:01, 1046.50it/s]\u001b[A\n",
      " 93%|█████████▎| 24285/26149 [00:26<00:01, 1001.10it/s]\u001b[A\n",
      " 93%|█████████▎| 24387/26149 [00:26<00:01, 945.54it/s] \u001b[A\n",
      " 94%|█████████▎| 24484/26149 [00:26<00:02, 820.65it/s]\u001b[A\n",
      " 94%|█████████▍| 24571/26149 [00:26<00:01, 804.29it/s]\u001b[A\n",
      " 94%|█████████▍| 24655/26149 [00:27<00:02, 741.97it/s]\u001b[A\n",
      " 95%|█████████▍| 24737/26149 [00:27<00:01, 761.66it/s]\u001b[A\n",
      " 95%|█████████▍| 24836/26149 [00:27<00:01, 818.17it/s]\u001b[A\n",
      " 95%|█████████▌| 24948/26149 [00:27<00:01, 889.36it/s]\u001b[A\n",
      " 96%|█████████▌| 25051/26149 [00:27<00:01, 925.95it/s]\u001b[A\n",
      " 96%|█████████▌| 25147/26149 [00:27<00:01, 925.56it/s]\u001b[A\n",
      " 97%|█████████▋| 25244/26149 [00:27<00:00, 937.54it/s]\u001b[A\n",
      " 97%|█████████▋| 25340/26149 [00:27<00:00, 868.50it/s]\u001b[A\n",
      " 97%|█████████▋| 25429/26149 [00:27<00:00, 856.77it/s]\u001b[A\n",
      " 98%|█████████▊| 25540/26149 [00:27<00:00, 915.27it/s]\u001b[A\n",
      " 98%|█████████▊| 25634/26149 [00:28<00:00, 894.09it/s]\u001b[A\n",
      " 98%|█████████▊| 25736/26149 [00:28<00:00, 927.82it/s]\u001b[A\n",
      " 99%|█████████▉| 25835/26149 [00:28<00:00, 941.19it/s]\u001b[A\n",
      " 99%|█████████▉| 25931/26149 [00:28<00:00, 848.54it/s]\u001b[A\n",
      "100%|█████████▉| 26027/26149 [00:28<00:00, 877.72it/s]\u001b[A\n",
      "100%|██████████| 26149/26149 [00:28<00:00, 912.04it/s]\u001b[A\n",
      "100%|██████████| 26149/26149 [00:28<00:00, 912.10it/s]\n"
     ]
    }
   ],
   "source": [
    "history, final_rating_dict, mark_names = calculate_ratings(params, to_use['winner_name'], to_use['loser_name'],\n",
    "                                            to_use['surface'].values, margins.values)"
   ]
  },
  {
   "cell_type": "code",
   "execution_count": 9,
   "metadata": {},
   "outputs": [
    {
     "data": {
      "text/plain": [
       "{'winner': 'Thiago Seyboth Wild',\n",
       " 'loser': 'Casper Ruud',\n",
       " 'winner_prior_mean': {'Clay': 1583.8764297219473,\n",
       "  'Grass': 1541.2586994314133,\n",
       "  'Hard': 1552.2410100169593},\n",
       " 'loser_prior_mean': {'Clay': 1840.3531600014576,\n",
       "  'Grass': 1633.634548934638,\n",
       "  'Hard': 1683.1388007203175},\n",
       " 'winner_prior_prob': 0.20846658704332305,\n",
       " 'cur_mark': 'Clay'}"
      ]
     },
     "execution_count": 9,
     "metadata": {},
     "output_type": "execute_result"
    }
   ],
   "source": [
    "history[-1]"
   ]
  },
  {
   "cell_type": "code",
   "execution_count": 10,
   "metadata": {},
   "outputs": [
    {
     "data": {
      "text/plain": [
       "0.9338042575283271"
      ]
     },
     "execution_count": 10,
     "metadata": {},
     "output_type": "execute_result"
    }
   ],
   "source": [
    "predict(final_rating_dict, params, 'Roger Federer', 'Tennys Sandgren', 'Hard', mark_names)"
   ]
  },
  {
   "cell_type": "code",
   "execution_count": 11,
   "metadata": {},
   "outputs": [
    {
     "data": {
