{
 "cells": [
  {
   "cell_type": "markdown",
   "metadata": {},
   "source": [
    "### Surface model example\n",
    "\n",
    "This example shows how to fit the model taking margin of victory and surface into account.\n",
    "\n",
    "There is a set of convenient functions in `jax_elo.models.correlated_skills_model` which we will use for this."
   ]
  },
  {
   "cell_type": "code",
   "execution_count": 1,
   "metadata": {},
   "outputs": [
    {
     "name": "stderr",
     "output_type": "stream",
     "text": [
      "WARNING:absl:No GPU/TPU found, falling back to CPU. (Set TF_CPP_MIN_LOG_LEVEL=0 and rerun for more info.)\n"
     ]
    }
   ],
   "source": [
    "import os; os.environ['CUDA_VISIBLE_DEVICES'] = ''\n",
    "from jax_elo.models.correlated_skills_model import fit, calculate_ratings, predict, get_player_skill_history\n",
    "from jax_elo.utils.data import get_data"
   ]
  },
  {
   "cell_type": "code",
   "execution_count": 2,
   "metadata": {},
   "outputs": [],
   "source": [
    "# Change this to where your data is located.\n",
    "# This uses Jeff Sackmann's dataset, which is available here:\n",
    "# https://github.com/JeffSackmann/tennis_atp\n",
    "data = get_data('/home/martin/data/tennis_atp/')"
   ]
  },
  {
   "cell_type": "code",
   "execution_count": 3,
   "metadata": {},
   "outputs": [],
   "source": [
    "to_use = data[data['tourney_date'].dt.year >= 2010]\n",
    "to_use = to_use[to_use['surface'] != 'Carpet']\n",
    "to_use = to_use.dropna(subset=['spw_winner', 'spw_loser'])"
   ]
  },
  {
   "cell_type": "code",
   "execution_count": 4,
   "metadata": {},
   "outputs": [],
   "source": [
    "# Compute the margin on the % of service points won\n",
    "margins = to_use['spw_winner'] - to_use['spw_loser']"
   ]
  },
  {
   "cell_type": "code",
   "execution_count": 5,
   "metadata": {
    "scrolled": true
   },
   "outputs": [
    {
     "name": "stdout",
     "output_type": "stream",
     "text": [
      "theta: {'a1': 0.010000000000000002, 'a2': array(0.), 'sigma_obs': 0.1, 'cov_mat': DeviceArray([[10000.000001,     0.      ,     0.      ],\n",
      "             [    0.      , 10000.000001,     0.      ],\n",
      "             [    0.      ,     0.      , 10000.000001]], dtype=float64)}\n",
      "cov_mat: [[10000.000001     0.           0.      ]\n",
      " [    0.       10000.000001     0.      ]\n",
      " [    0.           0.       10000.000001]]\n",
      "theta: {'a1': Traced<ShapedArray(float64[])>with<JVPTrace(level=2/1)>\n",
      "  with primal = Traced<ShapedArray(float64[])>with<DynamicJaxprTrace(level=0/1)>\n",
      "       tangent = Traced<ShapedArray(float64[]):JaxprTrace(level=1/1)>, 'a2': Traced<ShapedArray(float64[])>with<JVPTrace(level=2/1)>\n",
      "  with primal = Traced<ShapedArray(float64[])>with<DynamicJaxprTrace(level=0/1)>\n",
      "       tangent = Traced<ShapedArray(float64[]):JaxprTrace(level=1/1)>, 'sigma_obs': Traced<ShapedArray(float64[])>with<JVPTrace(level=2/1)>\n",
      "  with primal = Traced<ShapedArray(float64[])>with<DynamicJaxprTrace(level=0/1)>\n",
      "       tangent = Traced<ShapedArray(float64[]):JaxprTrace(level=1/1)>, 'cov_mat': Traced<ShapedArray(float64[3,3])>with<JVPTrace(level=2/1)>\n",
      "  with primal = Traced<ShapedArray(float64[3,3])>with<DynamicJaxprTrace(level=0/1)>\n",
      "       tangent = Traced<ShapedArray(float64[3,3]):JaxprTrace(level=1/1)>}\n",
      "cov_mat: Traced<ShapedArray(float64[3,3])>with<JVPTrace(level=2/1)>\n",
      "  with primal = Traced<ShapedArray(float64[3,3])>with<DynamicJaxprTrace(level=0/1)>\n",
      "       tangent = Traced<ShapedArray(float64[3,3]):JaxprTrace(level=1/1)>\n",
      "theta: {'a1': 0.8280970228542615, 'a2': array(0.0009193), 'sigma_obs': 0.09903303856982597, 'cov_mat': DeviceArray([[9.99996911e+03, 1.26056900e-05, 3.99171661e-05],\n",
      "             [1.26056900e-05, 9.99998825e+03, 2.50159231e-05],\n",
      "             [3.99171661e-05, 2.50159231e-05, 9.99994239e+03]],            dtype=float64)}\n",
      "cov_mat: [[9.99996911e+03 1.26056900e-05 3.99171661e-05]\n",
      " [1.26056900e-05 9.99998825e+03 2.50159231e-05]\n",
      " [3.99171661e-05 2.50159231e-05 9.99994239e+03]]\n",
      "theta: {'a1': 0.020772121751753858, 'a2': array(0.0002222), 'sigma_obs': 0.09976584651151561, 'cov_mat': DeviceArray([[9.99999253e+03, 3.04690823e-06, 9.64833669e-06],\n",
      "             [3.04690823e-06, 9.99999716e+03, 6.04656836e-06],\n",
      "             [9.64833669e-06, 6.04656836e-06, 9.99998608e+03]],            dtype=float64)}\n",
      "cov_mat: [[9.99999253e+03 3.04690823e-06 9.64833669e-06]\n",
      " [3.04690823e-06 9.99999716e+03 6.04656836e-06]\n",
      " [9.64833669e-06 6.04656836e-06 9.99998608e+03]]\n",
      "theta: {'a1': 0.00022882829897343123, 'a2': array(7.72513288e-05), 'sigma_obs': 0.09991856278491613, 'cov_mat': DeviceArray([[9.99999741e+03, 1.05929215e-06, 3.35435352e-06],\n",
      "             [1.05929215e-06, 9.99999901e+03, 2.10215765e-06],\n",
      "             [3.35435352e-06, 2.10215765e-06, 9.99999516e+03]],            dtype=float64)}\n",
      "cov_mat: [[9.99999741e+03 1.05929215e-06 3.35435352e-06]\n",
      " [1.05929215e-06 9.99999901e+03 2.10215765e-06]\n",
      " [3.35435352e-06 2.10215765e-06 9.99999516e+03]]\n",
      "theta: {'a1': 0.033510832352978845, 'a2': array(0.62396428), 'sigma_obs': 0.2750072316438157, 'cov_mat': DeviceArray([[9.99997190e+03, 1.73368130e-03, 3.42073372e-03],\n",
      "             [1.73368130e-03, 9.99999025e+03, 2.50645029e-03],\n",
      "             [3.42073372e-03, 2.50645029e-03, 9.99994448e+03]],            dtype=float64)}\n",
      "cov_mat: [[9.99997190e+03 1.73368130e-03 3.42073372e-03]\n",
      " [1.73368130e-03 9.99999025e+03 2.50645029e-03]\n",
      " [3.42073372e-03 2.50645029e-03 9.99994448e+03]]\n",
      "theta: {'a1': 0.0001902474806166155, 'a2': array(0.09111702), 'sigma_obs': 0.12005992012538078, 'cov_mat': DeviceArray([[9.99999368e+03, 2.53889797e-04, 5.02030782e-04],\n",
      "             [2.53889797e-04, 9.99999774e+03, 3.67545411e-04],\n",
      "             [5.02030782e-04, 3.67545411e-04, 9.99998776e+03]],            dtype=float64)}\n",
      "cov_mat: [[9.99999368e+03 2.53889797e-04 5.02030782e-04]\n",
      " [2.53889797e-04 9.99999774e+03 3.67545411e-04]\n",
      " [5.02030782e-04 3.67545411e-04 9.99998776e+03]]\n",
      "theta: {'a1': 0.0022300619321746293, 'a2': array(0.29604155), 'sigma_obs': 0.007953569952684082, 'cov_mat': DeviceArray([[9.99997097e+03, 1.73858030e-03, 3.44921442e-03],\n",
      "             [1.73858030e-03, 9.99998994e+03, 2.52017768e-03],\n",
      "             [3.44921442e-03, 2.52017768e-03, 9.99994309e+03]],            dtype=float64)}\n",
      "cov_mat: [[9.99997097e+03 1.73858030e-03 3.44921442e-03]\n",
      " [1.73858030e-03 9.99998994e+03 2.52017768e-03]\n",
      " [3.44921442e-03 2.52017768e-03 9.99994309e+03]]\n",
      "theta: {'a1': 0.0002836515234853004, 'a2': array(0.10980657), 'sigma_obs': 0.1043477743844977, 'cov_mat': DeviceArray([[9.99999161e+03, 3.89296906e-04, 7.70820550e-04],\n",
      "             [3.89296906e-04, 9.99999702e+03, 5.63870140e-04],\n",
      "             [7.70820550e-04, 5.63870140e-04, 9.99998369e+03]],            dtype=float64)}\n",
      "cov_mat: [[9.99999161e+03 3.89296906e-04 7.70820550e-04]\n",
      " [3.89296906e-04 9.99999702e+03 5.63870140e-04]\n",
      " [7.70820550e-04 5.63870140e-04 9.99998369e+03]]\n",
      "theta: {'a1': 0.00020073816629033862, 'a2': array(0.11602895), 'sigma_obs': 0.09520134774162235, 'cov_mat': DeviceArray([[9.58407202e+03, 5.14641045e+00, 1.02379624e+01],\n",
      "             [5.14641045e+00, 9.84465485e+03, 7.49253246e+00],\n",
      "             [1.02379624e+01, 7.49253246e+00, 9.22693352e+03]],            dtype=float64)}\n",
      "cov_mat: [[9.58407202e+03 5.14641045e+00 1.02379624e+01]\n",
      " [5.14641045e+00 9.84465485e+03 7.49253246e+00]\n",
      " [1.02379624e+01 7.49253246e+00 9.22693352e+03]]\n",
      "theta: {'a1': 8.502899360892752e-05, 'a2': array(0.10454008), 'sigma_obs': 0.08390183126131807, 'cov_mat': DeviceArray([[10093.2954013 ,   363.83014812,   752.06671037],\n",
      "             [  363.83014812, 10248.86140558,   581.11198585],\n",
      "             [  752.06671037,   581.11198585,  9802.26068899]],            dtype=float64)}\n",
      "cov_mat: [[10093.2954013    363.83014812   752.06671037]\n",
      " [  363.83014812 10248.86140558   581.11198585]\n",
      " [  752.06671037   581.11198585  9802.26068899]]\n",
      "theta: {'a1': 0.00012122620968022814, 'a2': array(0.10448543), 'sigma_obs': 0.08486440309545726, 'cov_mat': DeviceArray([[10178.02595351,   568.93709268,  1147.76595372],\n",
      "             [  568.93709268, 10397.44783292,   904.38118232],\n",
      "             [ 1147.76595372,   904.38118232,  9687.27622759]],            dtype=float64)}\n",
      "cov_mat: [[10178.02595351   568.93709268  1147.76595372]\n",
      " [  568.93709268 10397.44783292   904.38118232]\n",
      " [ 1147.76595372   904.38118232  9687.27622759]]\n",
      "theta: {'a1': 0.00014427352405956047, 'a2': array(0.10106111), 'sigma_obs': 0.08346046109585098, 'cov_mat': DeviceArray([[10488.52021831,  1058.64940347,  2064.01166291],\n",
      "             [ 1058.64940347, 10844.86407394,  1718.19865262],\n",
      "             [ 2064.01166291,  1718.19865262,  9765.5374316 ]],            dtype=float64)}\n",
      "cov_mat: [[10488.52021831  1058.64940347  2064.01166291]\n",
      " [ 1058.64940347 10844.86407394  1718.19865262]\n",
      " [ 2064.01166291  1718.19865262  9765.5374316 ]]\n",
      "theta: {'a1': 0.00014762613277369415, 'a2': array(0.09840221), 'sigma_obs': 0.0827558591490871, 'cov_mat': DeviceArray([[10668.00001093,  1660.34858365,  3095.3159134 ],\n",
      "             [ 1660.34858365, 11394.36151089,  2766.77314017],\n",
      "             [ 3095.3159134 ,  2766.77314017,  9654.00977183]],            dtype=float64)}\n",
      "cov_mat: [[10668.00001093  1660.34858365  3095.3159134 ]\n",
      " [ 1660.34858365 11394.36151089  2766.77314017]\n",
      " [ 3095.3159134   2766.77314017  9654.00977183]]\n",
      "theta: {'a1': 0.00014380358026911224, 'a2': array(0.09689784), 'sigma_obs': 0.0819184665214018, 'cov_mat': DeviceArray([[10781.07578987,  2837.04532463,  4943.01090361],\n",
      "             [ 2837.04532463, 12585.77704181,  5048.99527637],\n",
      "             [ 4943.01090361,  5048.99527637,  9678.77116365]],            dtype=float64)}\n",
      "cov_mat: [[10781.07578987  2837.04532463  4943.01090361]\n",
      " [ 2837.04532463 12585.77704181  5048.99527637]\n",
      " [ 4943.01090361  5048.99527637  9678.77116365]]\n",
      "theta: {'a1': 0.000134636666642731, 'a2': array(0.09773934), 'sigma_obs': 0.08262893408685118, 'cov_mat': DeviceArray([[10707.4906497 ,  3820.39774573,  6228.71911699],\n",
      "             [ 3820.39774573, 13722.46341645,  7093.84191593],\n",
      "             [ 6228.71911699,  7093.84191593,  9912.16283052]],            dtype=float64)}\n",
      "cov_mat: [[10707.4906497   3820.39774573  6228.71911699]\n",
      " [ 3820.39774573 13722.46341645  7093.84191593]\n",
      " [ 6228.71911699  7093.84191593  9912.16283052]]\n"
     ]
    },
    {
     "name": "stdout",
     "output_type": "stream",
     "text": [
      "theta: {'a1': 0.00012833005294173505, 'a2': array(0.10020474), 'sigma_obs': 0.08296399025849277, 'cov_mat': DeviceArray([[10578.73621481,  4387.85255167,  6639.74905087],\n",
      "             [ 4387.85255167, 14398.16283808,  8090.89965811],\n",
      "             [ 6639.74905087,  8090.89965811,  9665.25275223]],            dtype=float64)}\n",
      "cov_mat: [[10578.73621481  4387.85255167  6639.74905087]\n",
      " [ 4387.85255167 14398.16283808  8090.89965811]\n",
      " [ 6639.74905087  8090.89965811  9665.25275223]]\n",
      "theta: {'a1': 0.00012676603284449148, 'a2': array(0.10078032), 'sigma_obs': 0.08370150201448252, 'cov_mat': DeviceArray([[10514.92872006,  4617.09208106,  6556.23351309],\n",
      "             [ 4617.09208106, 14626.23707211,  8245.62464527],\n",
      "             [ 6556.23351309,  8245.62464527,  9128.48174622]],            dtype=float64)}\n",
      "cov_mat: [[10514.92872006  4617.09208106  6556.23351309]\n",
      " [ 4617.09208106 14626.23707211  8245.62464527]\n",
      " [ 6556.23351309  8245.62464527  9128.48174622]]\n",
      "theta: {'a1': 0.00012822036430914445, 'a2': array(0.10126104), 'sigma_obs': 0.08378587952100222, 'cov_mat': DeviceArray([[10436.36859704,  4871.54483728,  6316.505067  ],\n",
      "             [ 4871.54483728, 14837.94473936,  8255.17070806],\n",
      "             [ 6316.505067  ,  8255.17070806,  8322.54326498]],            dtype=float64)}\n",
      "cov_mat: [[10436.36859704  4871.54483728  6316.505067  ]\n",
      " [ 4871.54483728 14837.94473936  8255.17070806]\n",
      " [ 6316.505067    8255.17070806  8322.54326498]]\n",
      "theta: {'a1': 0.0001314916578038658, 'a2': array(0.10076883), 'sigma_obs': 0.08375672520602888, 'cov_mat': DeviceArray([[10304.45988666,  5092.00445415,  5987.72917071],\n",
      "             [ 5092.00445415, 14961.31120086,  8145.67424195],\n",
      "             [ 5987.72917071,  8145.67424195,  7483.21240621]],            dtype=float64)}\n",
      "cov_mat: [[10304.45988666  5092.00445415  5987.72917071]\n",
      " [ 5092.00445415 14961.31120086  8145.67424195]\n",
      " [ 5987.72917071  8145.67424195  7483.21240621]]\n",
      "theta: {'a1': 0.00013406486954860677, 'a2': array(0.10014354), 'sigma_obs': 0.08344789808716005, 'cov_mat': DeviceArray([[10154.55014473,  5111.44737394,  5869.79618691],\n",
      "             [ 5111.44737394, 14878.72817264,  8094.2376735 ],\n",
      "             [ 5869.79618691,  8094.2376735 ,  7289.65598183]],            dtype=float64)}\n",
      "cov_mat: [[10154.55014473  5111.44737394  5869.79618691]\n",
      " [ 5111.44737394 14878.72817264  8094.2376735 ]\n",
      " [ 5869.79618691  8094.2376735   7289.65598183]]\n",
      "theta: {'a1': 0.00013555264143359812, 'a2': array(0.09964285), 'sigma_obs': 0.08324694721497494, 'cov_mat': DeviceArray([[ 9926.76192943,  5018.47841649,  5784.88635331],\n",
      "             [ 5018.47841649, 14628.48915107,  8008.40406355],\n",
      "             [ 5784.88635331,  8008.40406355,  7269.94542859]],            dtype=float64)}\n",
      "cov_mat: [[ 9926.76192943  5018.47841649  5784.88635331]\n",
      " [ 5018.47841649 14628.48915107  8008.40406355]\n",
      " [ 5784.88635331  8008.40406355  7269.94542859]]\n",
      "theta: {'a1': 0.00013700259481412683, 'a2': array(0.0993274), 'sigma_obs': 0.08312788805508083, 'cov_mat': DeviceArray([[ 9549.22516986,  4863.22497184,  5655.94501624],\n",
      "             [ 4863.22497184, 14208.60937897,  7873.32021756],\n",
      "             [ 5655.94501624,  7873.32021756,  7229.1602004 ]],            dtype=float64)}\n",
      "cov_mat: [[ 9549.22516986  4863.22497184  5655.94501624]\n",
      " [ 4863.22497184 14208.60937897  7873.32021756]\n",
      " [ 5655.94501624  7873.32021756  7229.1602004 ]]\n",
      "theta: {'a1': 0.0001390383368309549, 'a2': array(0.09912852), 'sigma_obs': 0.08309404836300253, 'cov_mat': DeviceArray([[ 8859.32960284,  4586.53096875,  5424.74473927],\n",
      "             [ 4586.53096875, 13413.39158035,  7629.10448372],\n",
      "             [ 5424.74473927,  7629.10448372,  7123.48732815]],            dtype=float64)}\n",
      "cov_mat: [[ 8859.32960284  4586.53096875  5424.74473927]\n",
      " [ 4586.53096875 13413.39158035  7629.10448372]\n",
      " [ 5424.74473927  7629.10448372  7123.48732815]]\n",
      "theta: {'a1': 0.00014030170389420273, 'a2': array(0.09928695), 'sigma_obs': 0.08321351869358735, 'cov_mat': DeviceArray([[ 8285.33157179,  4353.19141427,  5236.81288381],\n",
      "             [ 4353.19141427, 12659.93763949,  7408.90279241],\n",
      "             [ 5236.81288381,  7408.90279241,  7002.83009143]],            dtype=float64)}\n",
      "cov_mat: [[ 8285.33157179  4353.19141427  5236.81288381]\n",
      " [ 4353.19141427 12659.93763949  7408.90279241]\n",
      " [ 5236.81288381  7408.90279241  7002.83009143]]\n",
      "theta: {'a1': 0.00014021254066090983, 'a2': array(0.09956368), 'sigma_obs': 0.08335010212181614, 'cov_mat': DeviceArray([[ 8182.31794318,  4299.45216102,  5212.95931671],\n",
      "             [ 4299.45216102, 12368.12606556,  7336.66566802],\n",
      "             [ 5212.95931671,  7336.66566802,  6950.31224476]],            dtype=float64)}\n",
      "cov_mat: [[ 8182.31794318  4299.45216102  5212.95931671]\n",
      " [ 4299.45216102 12368.12606556  7336.66566802]\n",
      " [ 5212.95931671  7336.66566802  6950.31224476]]\n",
      "theta: {'a1': 0.00013983865807475263, 'a2': array(0.09978888), 'sigma_obs': 0.08345432529578205, 'cov_mat': DeviceArray([[ 8238.15985753,  4294.16608251,  5248.19664531],\n",
      "             [ 4294.16608251, 12138.09446106,  7291.95694577],\n",
      "             [ 5248.19664531,  7291.95694577,  6921.03045903]],            dtype=float64)}\n",
      "cov_mat: [[ 8238.15985753  4294.16608251  5248.19664531]\n",
      " [ 4294.16608251 12138.09446106  7291.95694577]\n",
      " [ 5248.19664531  7291.95694577  6921.03045903]]\n",
      "theta: {'a1': 0.00013961310561869857, 'a2': array(0.09991037), 'sigma_obs': 0.08351250129782545, 'cov_mat': DeviceArray([[ 8347.15229025,  4287.20623923,  5305.60844332],\n",
      "             [ 4287.20623923, 11790.28388364,  7221.85640375],\n",
      "             [ 5305.60844332,  7221.85640375,  6895.30794948]],            dtype=float64)}\n",
      "cov_mat: [[ 8347.15229025  4287.20623923  5305.60844332]\n",
      " [ 4287.20623923 11790.28388364  7221.85640375]\n",
      " [ 5305.60844332  7221.85640375  6895.30794948]]\n",
      "theta: {'a1': 0.0001396899348363311, 'a2': array(0.09989395), 'sigma_obs': 0.08351100217889534, 'cov_mat': DeviceArray([[ 8517.36313784,  4265.20404386,  5387.29409896],\n",
      "             [ 4265.20404386, 11205.74585184,  7095.86677532],\n",
      "             [ 5387.29409896,  7095.86677532,  6866.15711811]],            dtype=float64)}\n",
      "cov_mat: [[ 8517.36313784  4265.20404386  5387.29409896]\n",
      " [ 4265.20404386 11205.74585184  7095.86677532]\n",
      " [ 5387.29409896  7095.86677532  6866.15711811]]\n",
      "theta: {'a1': 0.00014003570675529537, 'a2': array(0.09973287), 'sigma_obs': 0.08344099993441825, 'cov_mat': DeviceArray([[ 8615.18020843,  4250.10347922,  5423.64027904],\n",
      "             [ 4250.10347922, 10865.9070732 ,  7022.95899656],\n",
      "             [ 5423.64027904,  7022.95899656,  6859.25802484]],            dtype=float64)}\n",
      "cov_mat: [[ 8615.18020843  4250.10347922  5423.64027904]\n",
      " [ 4250.10347922 10865.9070732   7022.95899656]\n",
      " [ 5423.64027904  7022.95899656  6859.25802484]]\n",
      "theta: {'a1': 0.0001402736590310333, 'a2': array(0.09961305), 'sigma_obs': 0.08338698658106268, 'cov_mat': DeviceArray([[ 8629.99742713,  4247.13078907,  5417.66481456],\n",
      "             [ 4247.13078907, 10804.95227073,  7015.12231227],\n",
      "             [ 5417.66481456,  7015.12231227,  6866.40214965]],            dtype=float64)}\n",
      "cov_mat: [[ 8629.99742713  4247.13078907  5417.66481456]\n",
      " [ 4247.13078907 10804.95227073  7015.12231227]\n",
      " [ 5417.66481456  7015.12231227  6866.40214965]]\n",
      "theta: {'a1': 0.00014035860566896153, 'a2': array(0.09957383), 'sigma_obs': 0.0833692764192159, 'cov_mat': DeviceArray([[ 8620.950437  ,  4246.29857977,  5402.70882338],\n",
      "             [ 4246.29857977, 10808.93103025,  7022.60516674],\n",
      "             [ 5402.70882338,  7022.60516674,  6873.81885875]],            dtype=float64)}\n",
      "cov_mat: [[ 8620.950437    4246.29857977  5402.70882338]\n",
      " [ 4246.29857977 10808.93103025  7022.60516674]\n",
      " [ 5402.70882338  7022.60516674  6873.81885875]]\n",
      "theta: {'a1': 0.000140384429430788, 'a2': array(0.09956336), 'sigma_obs': 0.08336432151102414, 'cov_mat': DeviceArray([[ 8612.97149282,  4247.12662098,  5383.99048528],\n",
      "             [ 4247.12662098, 10807.18070812,  7034.59407382],\n",
      "             [ 5383.99048528,  7034.59407382,  6882.91012542]],            dtype=float64)}\n",
      "cov_mat: [[ 8612.97149282  4247.12662098  5383.99048528]\n",
      " [ 4247.12662098 10807.18070812  7034.59407382]\n",
      " [ 5383.99048528  7034.59407382  6882.91012542]]\n",
      "theta: {'a1': 0.00014033072507991818, 'a2': array(0.09958352), 'sigma_obs': 0.0833727614532543, 'cov_mat': DeviceArray([[ 8615.94221147,  4250.54541002,  5372.78192734],\n",
      "             [ 4250.54541002, 10792.25889761,  7045.63274324],\n",
      "             [ 5372.78192734,  7045.63274324,  6890.03695133]],            dtype=float64)}\n",
      "cov_mat: [[ 8615.94221147  4250.54541002  5372.78192734]\n",
      " [ 4250.54541002 10792.25889761  7045.63274324]\n",
      " [ 5372.78192734  7045.63274324  6890.03695133]]\n"
     ]
    },
    {
     "name": "stdout",
     "output_type": "stream",
     "text": [
      "theta: {'a1': 0.00014026552909888966, 'a2': array(0.09960555), 'sigma_obs': 0.08338211251860339, 'cov_mat': DeviceArray([[ 8623.74729547,  4253.32715963,  5373.00526566],\n",
      "             [ 4253.32715963, 10779.27592   ,  7049.64421628],\n",
      "             [ 5373.00526566,  7049.64421628,  6891.86418617]],            dtype=float64)}\n",
      "cov_mat: [[ 8623.74729547  4253.32715963  5373.00526566]\n",
      " [ 4253.32715963 10779.27592     7049.64421628]\n",
      " [ 5373.00526566  7049.64421628  6891.86418617]]\n",
      "theta: {'a1': 0.0001402437568732272, 'a2': array(0.09961194), 'sigma_obs': 0.08338481515853477, 'cov_mat': DeviceArray([[ 8626.92281367,  4253.84687626,  5375.0336087 ],\n",
      "             [ 4253.84687626, 10775.82052084,  7049.87284422],\n",
      "             [ 5375.0336087 ,  7049.87284422,  6891.55547721]],            dtype=float64)}\n",
      "cov_mat: [[ 8626.92281367  4253.84687626  5375.0336087 ]\n",
      " [ 4253.84687626 10775.82052084  7049.87284422]\n",
      " [ 5375.0336087   7049.87284422  6891.55547721]]\n",
      "theta: {'a1': 0.00014023910711765837, 'a2': array(0.09961298), 'sigma_obs': 0.08338524194527148, 'cov_mat': DeviceArray([[ 8627.64158664,  4253.5581219 ,  5375.6919927 ],\n",
      "             [ 4253.5581219 , 10775.29115056,  7049.85147169],\n",
      "             [ 5375.6919927 ,  7049.85147169,  6891.3135702 ]],            dtype=float64)}\n",
      "cov_mat: [[ 8627.64158664  4253.5581219   5375.6919927 ]\n",
      " [ 4253.5581219  10775.29115056  7049.85147169]\n",
      " [ 5375.6919927   7049.85147169  6891.3135702 ]]\n",
      "theta: {'a1': 0.00014023496562383885, 'a2': array(0.09961377), 'sigma_obs': 0.08338555951910726, 'cov_mat': DeviceArray([[ 8628.28793593,  4252.60189918,  5376.21656324],\n",
      "             [ 4252.60189918, 10774.93294155,  7049.91378155],\n",
      "             [ 5376.21656324,  7049.91378155,  6890.96773287]],            dtype=float64)}\n",
      "cov_mat: [[ 8628.28793593  4252.60189918  5376.21656324]\n",
      " [ 4252.60189918 10774.93294155  7049.91378155]\n",
      " [ 5376.21656324  7049.91378155  6890.96773287]]\n",
      "theta: {'a1': 0.00014023203811172657, 'a2': array(0.09961424), 'sigma_obs': 0.08338575245609761, 'cov_mat': DeviceArray([[ 8628.811633  ,  4250.39383872,  5376.3847444 ],\n",
      "             [ 4250.39383872, 10774.81048607,  7050.11068287],\n",
      "             [ 5376.3847444 ,  7050.11068287,  6890.43748448]],            dtype=float64)}\n",
      "cov_mat: [[ 8628.811633    4250.39383872  5376.3847444 ]\n",
      " [ 4250.39383872 10774.81048607  7050.11068287]\n",
      " [ 5376.3847444   7050.11068287  6890.43748448]]\n",
      "theta: {'a1': 0.00014023397995356293, 'a2': array(0.09961374), 'sigma_obs': 0.0833855684412805, 'cov_mat': DeviceArray([[ 8628.79382191,  4245.97437489,  5375.52274002],\n",
      "             [ 4245.97437489, 10775.31934449,  7050.51597379],\n",
      "             [ 5375.52274002,  7050.51597379,  6889.66646536]],            dtype=float64)}\n",
      "cov_mat: [[ 8628.79382191  4245.97437489  5375.52274002]\n",
      " [ 4245.97437489 10775.31934449  7050.51597379]\n",
      " [ 5375.52274002  7050.51597379  6889.66646536]]\n",
      "theta: {'a1': 0.00014024007153025267, 'a2': array(0.09961259), 'sigma_obs': 0.08338512770994962, 'cov_mat': DeviceArray([[ 8628.09580959,  4244.11797847,  5374.36469384],\n",
      "             [ 4244.11797847, 10776.01616691,  7050.66628444],\n",
      "             [ 5374.36469384,  7050.66628444,  6889.52157047]],            dtype=float64)}\n",
      "cov_mat: [[ 8628.09580959  4244.11797847  5374.36469384]\n",
      " [ 4244.11797847 10776.01616691  7050.66628444]\n",
      " [ 5374.36469384  7050.66628444  6889.52157047]]\n",
      "theta: {'a1': 0.00014024564766136247, 'a2': array(0.09961161), 'sigma_obs': 0.08338474836772228, 'cov_mat': DeviceArray([[ 8627.41152333,  4243.57163207,  5373.46511551],\n",
      "             [ 4243.57163207, 10776.55307333,  7050.68349075],\n",
      "             [ 5373.46511551,  7050.68349075,  6889.60270387]],            dtype=float64)}\n",
      "cov_mat: [[ 8627.41152333  4243.57163207  5373.46511551]\n",
      " [ 4243.57163207 10776.55307333  7050.68349075]\n",
      " [ 5373.46511551  7050.68349075  6889.60270387]]\n",
      "theta: {'a1': 0.00014024647284762923, 'a2': array(0.09961149), 'sigma_obs': 0.08338470054349448, 'cov_mat': DeviceArray([[ 8627.30666091,  4243.71387391,  5373.3659886 ],\n",
      "             [ 4243.71387391, 10776.6069406 ,  7050.65734263],\n",
      "             [ 5373.3659886 ,  7050.65734263,  6889.65337838]],            dtype=float64)}\n",
      "cov_mat: [[ 8627.30666091  4243.71387391  5373.3659886 ]\n",
      " [ 4243.71387391 10776.6069406   7050.65734263]\n",
      " [ 5373.3659886   7050.65734263  6889.65337838]]\n",
      "theta: {'a1': 0.00014024650474706528, 'a2': array(0.09961149), 'sigma_obs': 0.08338470142656934, 'cov_mat': DeviceArray([[ 8627.30407725,  4243.75751591,  5373.36940847],\n",
      "             [ 4243.75751591, 10776.60261833,  7050.64992708],\n",
      "             [ 5373.36940847,  7050.64992708,  6889.66114789]],            dtype=float64)}\n",
      "cov_mat: [[ 8627.30407725  4243.75751591  5373.36940847]\n",
      " [ 4243.75751591 10776.60261833  7050.64992708]\n",
      " [ 5373.36940847  7050.64992708  6889.66114789]]\n",
      "theta: {'a1': 0.00014024650197886655, 'a2': array(0.09961149), 'sigma_obs': 0.08338470218195186, 'cov_mat': DeviceArray([[ 8627.30515561,  4243.75956228,  5373.37057274],\n",
      "             [ 4243.75956228, 10776.60139014,  7050.64900769],\n",
      "             [ 5373.37057274,  7050.64900769,  6889.66102253]],            dtype=float64)}\n",
      "cov_mat: [[ 8627.30515561  4243.75956228  5373.37057274]\n",
      " [ 4243.75956228 10776.60139014  7050.64900769]\n",
      " [ 5373.37057274  7050.64900769  6889.66102253]]\n",
      "theta: {'a1': 0.00014024650276876443, 'a2': array(0.09961149), 'sigma_obs': 0.08338470228795589, 'cov_mat': DeviceArray([[ 8627.30531313,  4243.7595162 ,  5373.37062124],\n",
      "             [ 4243.7595162 , 10776.60123434,  7050.64881994],\n",
      "             [ 5373.37062124,  7050.64881994,  6889.66094134]],            dtype=float64)}\n",
      "cov_mat: [[ 8627.30531313  4243.7595162   5373.37062124]\n",
      " [ 4243.7595162  10776.60123434  7050.64881994]\n",
      " [ 5373.37062124  7050.64881994  6889.66094134]]\n"
     ]
    }
   ],
   "source": [
    "# Fit the model -- this might take a few minutes (but not more than that)\n",
    "params, opt_info = fit(to_use['winner_name'], to_use['loser_name'], to_use['surface'].values, \n",
    "                       margins=margins.values, verbose=True)"
   ]
  },
  {
   "cell_type": "code",
   "execution_count": 6,
   "metadata": {},
   "outputs": [
    {
     "data": {
      "text/plain": [
       "EloParams(theta={'a1': 0.00014024650276876443, 'a2': array(0.09961149), 'sigma_obs': 0.08338470228795589, 'cov_mat': DeviceArray([[ 8627.30531313,  4243.7595162 ,  5373.37062124],\n",
       "             [ 4243.7595162 , 10776.60123434,  7050.64881994],\n",
       "             [ 5373.37062124,  7050.64881994,  6889.66094134]],            dtype=float64)})"
      ]
     },
     "execution_count": 6,
     "metadata": {},
     "output_type": "execute_result"
    }
   ],
   "source": [
    "# The parameters found are:\n",
    "params"
   ]
  },
  {
   "cell_type": "code",
   "execution_count": 7,
   "metadata": {
    "scrolled": false
   },
   "outputs": [
    {
     "name": "stderr",
     "output_type": "stream",
     "text": [
      "  0%|          | 0/26149 [00:00<?, ?it/s]\n",
      "  0%|          | 0/26149 [00:00<?, ?it/s]\u001b[A\n",
      "  0%|          | 1/26149 [00:00<2:38:43,  2.75it/s]\u001b[A\n",
      "  1%|          | 160/26149 [00:00<1:50:30,  3.92it/s]\u001b[A\n",
      "  2%|▏         | 453/26149 [00:00<1:16:31,  5.60it/s]\u001b[A\n",
      "  3%|▎         | 834/26149 [00:00<52:48,  7.99it/s]  \u001b[A\n",
      "  5%|▍         | 1257/26149 [00:00<36:22, 11.40it/s]\u001b[A\n",
      "  6%|▋         | 1693/26149 [00:00<25:02, 16.27it/s]\u001b[A\n",
      "  8%|▊         | 2174/26149 [00:00<17:12, 23.21it/s]\u001b[A\n",
      " 10%|█         | 2635/26149 [00:01<11:50, 33.09it/s]\u001b[A\n",
      " 12%|█▏        | 3080/26149 [00:01<08:09, 47.12it/s]\u001b[A\n",
      " 14%|█▎        | 3592/26149 [00:01<05:36, 67.05it/s]\u001b[A\n",
      " 15%|█▌        | 4031/26149 [00:01<03:52, 94.94it/s]\u001b[A\n",
      " 17%|█▋        | 4501/26149 [00:01<02:41, 134.46it/s]\u001b[A\n",
      " 19%|█▉        | 5026/26149 [00:01<01:51, 190.00it/s]\u001b[A\n",
      " 21%|██▏       | 5560/26149 [00:01<01:17, 267.34it/s]\u001b[A\n",
      " 23%|██▎       | 6038/26149 [00:01<00:54, 372.35it/s]\u001b[A\n",
      " 25%|██▍       | 6506/26149 [00:01<00:38, 513.86it/s]\u001b[A\n",
      " 27%|██▋       | 6970/26149 [00:02<00:27, 698.88it/s]\u001b[A\n",
      " 28%|██▊       | 7431/26149 [00:02<00:19, 937.46it/s]\u001b[A\n",
      " 30%|███       | 7957/26149 [00:02<00:14, 1243.75it/s]\u001b[A\n",
      " 32%|███▏      | 8498/26149 [00:02<00:10, 1616.91it/s]\u001b[A\n",
      " 34%|███▍      | 9016/26149 [00:02<00:08, 2037.25it/s]\u001b[A\n",
      " 36%|███▋      | 9519/26149 [00:02<00:06, 2458.14it/s]\u001b[A\n",
      " 38%|███▊      | 10033/26149 [00:02<00:05, 2913.40it/s]\u001b[A\n",
      " 40%|████      | 10533/26149 [00:02<00:04, 3323.32it/s]\u001b[A\n",
      " 42%|████▏     | 11059/26149 [00:02<00:04, 3735.90it/s]\u001b[A\n",
      " 44%|████▍     | 11589/26149 [00:02<00:03, 4095.69it/s]\u001b[A\n",
      " 46%|████▋     | 12103/26149 [00:03<00:03, 4202.33it/s]\u001b[A\n",
      " 48%|████▊     | 12597/26149 [00:03<00:03, 4327.95it/s]\u001b[A\n",
      " 50%|█████     | 13119/26149 [00:03<00:02, 4561.81it/s]\u001b[A\n",
      " 52%|█████▏    | 13659/26149 [00:03<00:02, 4782.95it/s]\u001b[A\n",
      " 54%|█████▍    | 14171/26149 [00:03<00:02, 4877.28it/s]\u001b[A\n",
      " 56%|█████▌    | 14684/26149 [00:03<00:02, 4948.54it/s]\u001b[A\n",
      " 58%|█████▊    | 15195/26149 [00:03<00:02, 4804.77it/s]\u001b[A\n",
      " 60%|█████▉    | 15688/26149 [00:03<00:02, 4734.84it/s]\u001b[A\n",
      " 62%|██████▏   | 16171/26149 [00:03<00:02, 4736.85it/s]\u001b[A\n",
      " 64%|██████▎   | 16651/26149 [00:03<00:02, 4747.13it/s]\u001b[A\n",
      " 66%|██████▌   | 17149/26149 [00:04<00:01, 4808.75it/s]\u001b[A\n",
      " 68%|██████▊   | 17670/26149 [00:04<00:01, 4922.37it/s]\u001b[A\n",
      " 70%|██████▉   | 18205/26149 [00:04<00:01, 5041.57it/s]\u001b[A\n",
      " 72%|███████▏  | 18733/26149 [00:04<00:01, 5110.28it/s]\u001b[A\n",
      " 74%|███████▎  | 19258/26149 [00:04<00:01, 5150.04it/s]\u001b[A\n",
      " 76%|███████▌  | 19775/26149 [00:04<00:01, 5150.64it/s]\u001b[A\n",
      " 78%|███████▊  | 20304/26149 [00:04<00:01, 5189.02it/s]\u001b[A\n",
      " 80%|███████▉  | 20824/26149 [00:04<00:01, 5075.53it/s]\u001b[A\n",
      " 82%|████████▏ | 21333/26149 [00:04<00:00, 4899.52it/s]\u001b[A\n",
      " 84%|████████▎ | 21855/26149 [00:04<00:00, 4985.05it/s]\u001b[A\n",
      " 86%|████████▌ | 22369/26149 [00:05<00:00, 5021.06it/s]\u001b[A\n",
      " 87%|████████▋ | 22873/26149 [00:05<00:00, 4979.54it/s]\u001b[A\n",
      " 89%|████████▉ | 23374/26149 [00:05<00:00, 4978.04it/s]\u001b[A\n",
      " 91%|█████████▏| 23873/26149 [00:05<00:00, 4875.42it/s]\u001b[A\n",
      " 93%|█████████▎| 24387/26149 [00:05<00:00, 4948.17it/s]\u001b[A\n",
      " 95%|█████████▌| 24884/26149 [00:05<00:00, 4946.20it/s]\u001b[A\n",
      " 97%|█████████▋| 25380/26149 [00:05<00:00, 4888.94it/s]\u001b[A\n",
      "100%|██████████| 26149/26149 [00:05<00:00, 4399.45it/s]\u001b[A\n",
      "100%|██████████| 26149/26149 [00:05<00:00, 4400.32it/s]\n"
     ]
    }
   ],
   "source": [
    "# We can now calculate the rating history:\n",
    "history, final_rating_dict, mark_names = calculate_ratings(params, to_use['winner_name'], to_use['loser_name'],\n",
    "                                                           to_use['surface'].values, margins.values)"
   ]
  },
  {
   "cell_type": "code",
   "execution_count": 8,
   "metadata": {},
   "outputs": [
    {
     "data": {
      "text/plain": [
       "{'winner': 'Thiago Seyboth Wild',\n",
       " 'loser': 'Casper Ruud',\n",
       " 'winner_prior_mean': {'Clay': 1583.8764297219504,\n",
       "  'Grass': 1541.2586994314147,\n",
       "  'Hard': 1552.2410100169593},\n",
       " 'loser_prior_mean': {'Clay': 1840.3531600014626,\n",
       "  'Grass': 1633.6345489346418,\n",
       "  'Hard': 1683.138800720313},\n",
       " 'winner_prior_prob': 0.20846658704332177,\n",
       " 'cur_mark': 'Clay'}"
      ]
     },
     "execution_count": 8,
     "metadata": {},
     "output_type": "execute_result"
    }
   ],
   "source": [
    "# Here's an example entry:\n",
    "history[-1]"
   ]
  },
  {
   "cell_type": "code",
   "execution_count": 9,
   "metadata": {},
   "outputs": [
    {
     "data": {
      "text/plain": [
       "0.9338042575283267"
      ]
     },
     "execution_count": 9,
     "metadata": {},
     "output_type": "execute_result"
    }
   ],
   "source": [
    "# We can predict matches on a particular surface\n",
    "predict(final_rating_dict, params, 'Roger Federer', 'Tennys Sandgren', 'Hard', mark_names)"
   ]
  },
  {
   "cell_type": "code",
   "execution_count": 10,
   "metadata": {},
   "outputs": [
    {
     "data": {
